60000 5000
2668 59985
15617 23827
29228 36869
3865 32591
18682 28297
49355 36755
15471 16621
38650 12358
7778 38711
28698 27206
1658 37102
39584 44583
6959 17515
36739 59299
44029 40173
50178 52484
49308 2271
55696 32950
29246 13953
1950 32531
15081 54695
20685 58946
44666 29980
20860 55832
4418 49823
58668 37016
48947 9714
49406 9717
20501 851
9669 51471
33772 25610
3284 7150
55799 59353
41089 3164
58380 3686
30611 15070
1251 48440
20958 37573
37270 3304
53477 6130
52967 19995
22750 7316
43336 54865
17638 35093
44367 53288
2994 56773
15787 12002
19047 12775
51980 33842
34030 40827
17086 5577
13062 16220
13050 47789
39317 19958
49114 31761
7251 52563
58391 14602
45208 41546
33845 58268
19162 51303
41732 16922
50935 9121
31949 34854
53510 20014
53802 52428
26350 4054
53210 58506
7339 49715
14359 9915
10938 54454
18772 30092
48662 901
18665 35098
9858 4954
56263 37993
13873 47477
895 13925
26873 30210
21509 9475
23505 23981
14632 35118
59276 29775
3752 51927
35723 52898
36459 4800
30546 56986
44720 5235
49328 15321
34559 8287
57928 57551
11655 13407
5645 12556
33411 32286
13885 54599
39092 5880
43483 23088
2874 53524
14238 22499
42023 1680
33380 30843
59654 57594
51383 49282
31940 28184
36215 33955
45409 58290
10339 49042
10529 7560
36000 30178
1029 15557
52553 13253
30632 13816
49667 48800
9388 11748
15527 18294
25546 52828
20834 39770
41289 46767
9646 290
22110 5292
19993 40361
28278 39900
42219 12081
19469 23958
13628 20363
536 30519
43158 35639
27722 22394
59494 58277
10180 5345
14059 15894
43034 22034
34230 40090
36173 45727
9221 39842
53153 52533
32813 44019
7706 43630
9210 55193
25163 42187
55370 2904
56186 37609
33627 47833
42672 47040
59732 17608
52617 43109
12755 43867
1539 5164
7313 3524
4578 56423
29125 18996
26074 7405
12215 45853
43260 7479
21596 59708
38147 3183
24835 20060
56894 14163
54598 40175
23716 9280
6535 38966
31368 50321
9338 51943
37471 5616
58564 17601
50208 35021
12291 50536
27586 24924
54963 41090
11734 42673
33003 21546
33585 46639
42590 53866
51852 21609
56808 11713
52779 30211
16215 35010
33065 35540
4746 24441
3985 6305
45754 45114
658 24371
33143 46439
47715 24789
45970 26915
9294 7250
6621 11373
18819 39088
58109 24915
6034 15892
32398 42029
5748 31957
10085 34195
55913 58086
32196 57544
27681 52390
43978 5904
22632 40055
23855 51513
39755 25905
33253 11261
49522 52170
4466 1903
24310 7217
29695 3039
19789 24825
4757 34714
15771 54313
38045 17461
9983 11019
50490 14536
45592 51292
59783 33892
24532 52907
26302 52861
5566 15395
50456 22557
48910 54439
56307 12408
58276 52734
29185 48489
5011 31941
48880 46018
18174 6999
11605 55920
11150 54184
9929 47100
44333 4456
686 45292
58497 40050
2026 28334
44688 6685
11094 16878
17087 42737
44383 15320
54839 21077
5356 2067
15988 48808
18888 6539
11723 30981
13028 53773
27376 17545
25889 24876
4356 59578
32308 52060
25771 56432
35973 20306
41640 36830
10283 54526
4331 26166
47445 15123
6268 3836
51671 34162
46679 2076
8152 48876
27792 46348
644 26782
23210 42290
19749 13974
15892 10218
37783 8465
28683 26079
42330 56139
14244 30735
26948 53981
29209 52979
19550 58084
16199 30630
1865 24312
31060 5466
59779 58270
58955 56990
49466 49931
59569 1975
59403 4819
59949 26399
20693 12840
7018 49907
50631 203
19056 12964
55035 52921
56229 9235
25390 2827
58096 56391
14933 5773
2606 47482
50540 23123
19334 46753
21535 1542
14158 33096
40383 14789
25881 51951
40459 39149
13896 48780
26086 13193
55287 55382
27913 31382
7299 7484
43450 41057
2628 33864
37868 45833
1278 9859
52719 52713
41642 5209
31691 11634
29834 22256
5522 46233
58810 20242
45148 38950
56365 30557
36419 3192
40840 3174
3659 22091
24164 58348
18307 32254
11224 22310
50299 8574
14982 4742
50843 15647
6684 3394
33602 23672
36968 44877
31148 17902
33128 42160
34145 33025
14659 57358
24050 38706
26243 11570
8177 5079
43393 30811
37321 57626
25604 43536
48726 40412
58011 51264
45830 2457
52407 5536
40022 14753
23000 52051
20302 35540
31995 14218
25877 37441
42635 56140
56146 7811
3553 58439
24956 19062
30677 57929
36360 57136
3533 5760
12432 21158
43485 56535
33174 3470
44487 21046
31069 10108
46176 39597
37971 13949
50985 59374
19551 47074
50567 11798
7789 56304
34103 54413
10920 20929
58206 41758
23360 36329
58055 45923
48804 7916
8200 2003
48158 33123
4342 59739
58390 49189
8616 10444
50272 9160
19351 58950
47424 26841
14596 31134
30716 43712
41946 1975
59801 5103
58894 1940
43806 54261
58719 37686
52191 17297
38968 14215
17187 32226
11485 11992
26631 10145
53942 30899
55487 49316
48293 13418
47056 44359
43367 794
1782 57184
9042 39510
3458 23012
48442 21380
48377 19593
32653 2541
55730 46737
26382 42399
54260 4588
11611 19704
56351 3945
13433 27001
40018 1375
25747 55658
39719 13407
49719 59675
32510 57245
14084 49585
54187 20778
30337 4416
5399 11821
463 14578
632 43196
49106 28772
13206 14432
9055 17017
14836 9770
51152 58306
8819 13776
27859 44212
46446 48497
44919 51854
8818 8555
3041 53588
2776 17693
32104 27803
54403 20775
13994 5254
14238 37156
10046 8446
17445 12710
28160 53536
15587 8391
47986 23613
20534 44858
58729 51408
55050 36955
39702 36888
44422 51282
5459 53221
11779 19988
1924 18145
45916 17631
59963 44513
58442 37868
1529 46572
30175 10416
39144 38799
38085 45907
57646 59128
52395 13330
4112 46746
4744 47672
5788 15295
22735 45820
4030 46820
51350 24458
43815 28288
24874 10382
11679 55487
45 56731
41210 28675
43737 19948
24220 25463
2416 19638
54363 18397
1496 51472
19360 19286
22835 35020
20361 24032
37628 32822
25544 16453
5476 53642
54438 1705
44497 52363
11049 24263
10270 37114
51844 32977
25685 54097
53432 23711
50231 47217
29630 49092
24270 11249
33692 35019
16383 37068
47044 43744
12057 25237
7661 55252
21970 35076
50993 50222
53074 2813
36454 44162
18636 25332
54889 18041
28152 16666
52071 24361
23683 17341
5585 39646
38819 52480
24469 32247
14449 22732
36986 13946
51606 393
37505 13287
14547 59047
30803 12144
55470 34848
9516 3059
35333 8488
29771 32030
57416 30283
19802 52497
19879 11866
16086 11890
38069 54452
29226 31598
49611 6595
55410 7757
39116 15801
49471 18963
52378 2565
20051 6624
16881 6614
37458 48344
48868 20589
20026 38412
54752 40504
7557 54194
46868 26519
29224 40168
7630 28606
48970 44436
29248 16825
32271 22456
22441 36960
3424 28
56241 355
45199 57857
24508 54444
28873 40280
2043 11506
47856 41390
47222 24934
3497 54068
55881 48613
29355 36179
5879 19916
49660 46364
14124 46889
46039 46201
3644 30833
13860 27702
11763 58339
25327 28707
17932 56568
13173 43231
37433 22516
7878 33184
51954 29180
49553 56665
6831 43354
41883 6014
24433 7156
58423 34569
46285 12364
8793 14184
56704 43447
11625 47998
44326 18347
47314 58326
17356 40023
46917 43745
35282 7912
18923 33756
19441 10477
35205 2379
27501 39359
7339 20513
59488 38525
13433 59597
10942 41089
52572 35046
58077 29243
11271 31433
50472 9230
39335 59717
13963 44919
46362 48538
20115 37748
28318 56702
31145 36011
57307 14796
45194 33252
15535 57399
1210 42158
20711 10582
15769 32888
26322 1537
47256 19997
19770 27369
6199 31495
38259 40931
58936 56109
20216 51855
23943 52901
55160 55851
47457 51300
43665 13523
15100 53041
45464 50174
3054 23342
7228 13526
21702 16942
1026 45450
36169 17594
42520 14220
12349 8642
44255 23687
7186 20870
45934 46971
35826 23003
4937 28912
44395 20996
37544 22080
29436 19587
48093 19859
22784 4963
45053 2199
36575 12406
14390 36985
16538 12699
41122 26794
31383 20373
24355 23903
9454 35036
28299 9646
53376 308
51511 14317
40794 23160
52490 12480
51921 3473
46411 7118
26476 13570
29329 16051
19033 45771
12129 58344
34181 56558
31877 32796
18584 21191
49459 29964
20468 13547
59383 1219
28177 58686
47084 13455
22902 41546
6611 29924
31282 6927
46619 14752
51975 50571
8520 6394
55202 27938
10642 44621
54119 38469
11035 7898
49672 14911
22441 44877
4986 34040
20445 15697
59376 40696
54249 34594
58300 2594
2333 37572
36694 36185
15767 57180
38023 43044
39466 1811
20302 41290
48503 14654
56946 8531
58318 42298
37067 54451
42056 29853
24604 59308
10603 54323
54286 7261
15694 35155
9024 44483
29041 38793
52787 46596
18597 43086
25473 53058
20051 58255
52527 43494
43806 19483
38448 40054
16569 49352
59399 54120
35038 18153
51011 57301
56106 7155
13404 4112
4699 26753
25792 18538
45092 26146
48053 56285
13861 32568
57297 44368
28629 34455
38048 20201
11147 5257
14101 37339
21627 41490
49276 19183
39726 22729
16989 6650
13539 49831
18339 46880
43730 28274
51068 15023
15532 51687
18874 37021
32083 47610
37553 53788
36106 5082
50105 56827
58571 17263
57887 24546
48397 55586
26659 18770
37758 43201
7603 44709
12966 5348
17967 54032
49967 25424
46140 22814
37606 34472
13667 52152
27045 17785
26324 20980
6377 15751
26013 46632
9466 58235
42624 16528
13885 16887
51677 52732
50658 10789
19478 56305
58024 6318
6150 49716
13939 42719
34409 59950
21586 57137
45133 44534
59596 17067
32677 23906
57970 23399
33850 15326
22263 9236
25755 7067
59811 54842
4685 41916
8250 6005
34838 45097
48402 9040
5604 20409
22735 15801
16156 12307
32975 6054
55584 8783
469 38156
30928 19762
28575 5801
27312 50873
41756 6789
13161 288
46839 4839
52630 50746
56544 33591
58215 1323
51088 19692
714 54082
18262 54261
55658 46910
56116 24281
219 47103
27790 29017
9887 29625
22171 59689
13959 51576
43094 19786
2870 55217
35450 3479
29224 9373
28784 21342
36993 20251
55845 20030
38681 7610
52180 12303
33485 11580
35593 33179
35458 38358
45972 48580
22082 58075
21429 51654
34800 59996
3226 24065
24957 28543
44680 22541
32562 50656
56250 9402
57606 976
26513 29188
9779 15030
38537 38289
26190 31
39740 34982
56643 5344
59645 34391
33598 52698
51467 32672
48894 30052
6426 6721
19545 7460
44904 34485
9185 4767
37997 41475
32011 2350
47978 9508
5048 41129
36258 55199
50511 53082
19032 957
11470 41408
6941 10052
30927 21771
4297 32961
42306 32129
12351 55700
44565 27009
23728 1756
18173 40340
11786 495
1338 3778
47387 501
55722 28386
52298 17758
15707 31457
44862 58739
57010 28934
47408 9030
22267 59828
39484 58212
54713 23095
9248 7964
8775 3482
54999 27681
47898 48514
51240 58962
17274 58597
34027 25770
56688 40413
37753 50150
39425 13284
28402 757
7753 1732
35344 4281
50707 56299
35600 8431
24566 40705
45934 3089
40553 35505
50806 8451
50513 32862
57706 28309
34817 22603
21520 4973
48553 14142
21915 20754
44688 54793
49441 965
22124 26844
18394 4920
28403 24
29721 11423
2997 4747
531 28867
53129 11561
44040 29265
25809 35247
58093 48714
27032 31264
8111 32892
36701 22628
18692 31268
22753 50994
14191 55444
33899 33702
16112 46810
17917 49349
16803 33386
21473 43273
47511 10858
26035 15517
6169 46464
22145 2342
12958 49962
12751 10125
19470 53941
28532 47375
33684 46909
52427 2362
19706 20517
9967 17174
35798 12217
49168 46502
21944 22760
310 7069
22158 43607
45240 50906
38270 54981
32912 35972
2958 12545
47081 50859
15807 48248
12661 52568
31497 34724
15016 22082
36621 14831
4121 46927
58415 26300
30253 31534
26062 37284
54819 12191
18460 30585
58575 27024
53116 7908
8599 50639
3842 37019
40778 14749
17246 24212
43476 40583
48185 5298
19485 7012
51146 55387
52902 21560
33407 15249
28450 49276
56817 59959
4575 47420
41261 37349
37314 47033
4673 18078
51565 11397
562 43588
44102 30465
42770 53704
28450 27541
28319 44014
1478 11861
28935 33417
49804 31400
40163 15314
21754 272
48208 2576
33832 42908
16682 44331
31925 32013
32030 44690
29243 57754
50867 12193
16058 50616
8004 46445
31907 40306
43441 56884
30400 43941
27520 51885
4798 15287
10360 14854
54903 14001
32863 11080
48199 26336
11736 40688
16600 113
23134 36547
2477 36335
7148 13620
7574 50033
14740 7681
5951 13769
3207 2583
27684 36863
46021 27352
54495 18077
6549 32219
12448 19694
22799 54156
59331 17120
38274 8369
8250 54569
41603 32475
2855 23588
40647 43814
6932 12618
19930 45972
8987 23003
56155 5464
36413 31913
33227 4337
42060 32589
42489 50957
18362 3988
3808 48309
43695 8041
51933 11606
43966 11843
112 37533
31143 8385
998 3793
12189 10815
50811 6025
23400 52230
13221 31931
8160 37704
49934 17461
30542 53957
23396 11701
42517 13385
38364 35268
28352 15000
41867 8803
2474 21836
34580 40889
41631 15277
42805 34442
50250 27526
49182 32747
28357 35739
10287 33032
50624 12509
38198 21677
5825 41372
44618 1934
38658 7041
7077 55561
26025 24756
42385 4336
2101 11998
9829 11657
51047 44676
35757 47103
43462 4911
49031 36003
57865 32548
36661 53285
5134 481
12679 32051
7438 14447
2594 55063
21174 22948
41915 4002
57638 17710
13800 14933
59605 55843
55154 9228
58303 11354
20922 22936
8593 37568
58692 47849
41412 50469
24858 34223
39431 58184
20350 23752
11281 38301
46775 30959
24780 9875
4585 28403
39757 25844
47585 9919
30647 11589
33738 18351
20258 48828
41717 9161
37003 32721
35345 56112
19615 9684
51168 24795
26785 57714
21733 44755
54469 29899
21240 945
37842 33739
41842 19937
14984 12106
13846 21500
32074 45601
46510 42387
1909 54559
15541 18532
11666 55975
37481 40235
5599 46997
21153 5345
49743 707
21075 5135
34672 26841
42059 14102
7272 27441
9713 37652
24101 72
42113 53523
54393 51333
43470 50250
50415 26760
30470 50372
15263 1527
966 9156
24897 10332
45588 58612
18858 46403
18670 30871
24293 6402
14078 11427
7691 46474
51849 29845
27193 17692
56513 35841
385 28695
10333 56367
3075 5427
9674 24596
9616 47536
32527 16234
31949 5261
48809 10453
3123 49514
45121 34120
34154 52860
15374 27917
46439 22739
55610 5557
29561 1539
50514 1899
53568 25245
5674 41931
41675 44726
17837 34041
25793 39902
13243 17294
7477 31400
19277 7446
54022 16427
10904 56991
2337 46907
55598 17888
397 39692
34461 17088
2584 17905
38199 5138
44159 59202
46065 55020
36892 41871
7620 10468
13209 33566
52865 15432
27434 50371
38451 39857
41609 50860
50591 20087
8786 57283
31677 10692
17157 11224
16141 24693
38515 20145
59910 49680
47394 12488
47149 5822
51617 3507
28286 40776
58552 40811
8459 33415
30698 55502
46487 41670
31378 4613
41477 7148
14080 11998
9861 51359
8639 52868
45696 59719
4334 54436
22117 34241
47550 5083
11982 52894
58014 9046
45335 22348
24642 42742
44434 17884
21769 45968
9448 49585
7146 25195
34853 57380
16305 24047
9583 22218
37860 34002
20672 31379
8428 59888
14176 2221
57916 24150
55087 31739
31047 36928
48263 48294
39805 42975
48494 21271
9224 47539
48961 17415
8992 40767
40960 38456
27356 25439
4165 14887
48366 38034
26500 13558
46176 34430
18439 18509
57701 59812
37345 28780
35138 55501
10562 55842
44782 34174
24622 52087
19586 9394
56739 50120
49657 2943
8016 58440
13628 5770
6960 30809
33013 34468
44856 57838
45108 46693
6222 21478
53611 8877
33651 4478
33350 15399
50642 31770
11906 9290
10788 49150
45780 29730
22729 12045
21058 14356
1431 17609
43000 24625
51891 12352
51728 53241
7644 38259
3192 23511
43985 57778
17463 7128
23452 18952
48007 39235
3855 7931
42001 3993
7894 10277
26973 24795
12 51144
45407 59430
31220 25950
40785 34023
55877 57
31464 36188
6917 25214
43140 41213
26965 8308
49389 3282
12814 43639
44196 34036
53090 43698
59328 58944
19901 59409
23880 21798
4880 20091
46808 23520
23944 43877
32789 51770
27070 35959
17901 1611
21352 58561
41746 51049
27294 21693
32561 14484
13512 9183
8376 10141
20920 12608
41572 2076
24669 33685
22357 48056
22990 36779
4582 9338
35904 54291
25110 56945
8521 52350
1759 4637
30008 24580
48359 53499
30016 57300
30792 58674
39926 39088
47603 49011
48977 51448
55400 58067
38231 14337
25937 15808
27352 27038
37187 14335
49650 17648
34448 59389
24427 42059
56712 59388
41495 24890
14622 38483
40231 5492
48898 30115
10803 56036
56177 32447
20812 40041
52187 28722
46540 33422
1986 52037
16460 41975
22967 30539
47204 33241
52709 17230
49513 46159
16585 15235
37143 4790
39793 54774
28779 32916
20961 10419
22801 57015
45936 59125
29904 1942
52405 16241
24258 58568
11120 45951
45503 7827
25700 9353
16190 27799
26518 47038
28530 42732
8081 50765
14601 4542
52232 10394
57511 36146
44548 58992
33488 9543
56595 52072
41016 21477
29319 51547
6826 57582
55689 42415
26483 9905
41940 6970
28744 50194
43919 4825
27557 11802
36989 35849
15583 52797
18916 48998
30518 59777
48046 56964
28461 36871
23763 1415
16221 59569
56325 3714
53440 8915
17687 6239
48291 21805
43605 25023
18645 28948
31594 11331
52534 4566
38581 7327
41435 34066
9795 20580
55067 7586
34317 43874
58585 4736
8495 35052
25403 8143
36922 26859
16221 33270
17779 57378
58589 20935
48763 17739
20196 24387
37245 22228
49669 17843
54015 15661
2371 5063
56197 20339
2662 54412
56401 10950
43372 39747
54364 46665
17108 28123
40960 29650
5557 59191
55122 48315
3337 24123
34696 31811
41893 45582
1486 9363
46933 25983
13301 18355
23388 37785
10189 31141
57677 11904
6753 6663
16730 819
30706 28602
295 34739
48984 59370
49888 24258
7968 48427
36236 58187
46405 23462
29987 49529
53310 1664
29385 11277
33953 44577
12346 6842
5412 48635
32141 40367
24078 41689
25365 22455
46098 46202
16434 13946
9473 58451
16988 3168
20630 40411
34923 17094
2036 14109
5107 10738
26657 847
37896 51561
26124 3715
23211 54711
58640 1217
46386 43572
58643 51308
58282 45676
9384 19211
54868 33187
23031 23892
28337 32093
14208 25044
24122 25077
24309 55878
52454 56346
58982 3294
19431 36319
31940 25697
38974 9227
26603 3517
2137 12070
34216 58122
31963 3398
37925 28965
2426 39985
628 25759
36305 6009
17260 34818
9378 40647
32504 24031
16158 57586
36719 31746
36575 12132
37901 49876
14926 49886
10495 14194
48272 19457
14992 11820
2862 11164
6295 30507
49848 30050
33302 44126
55566 45891
11536 7830
36047 5560
23147 50089
25969 21535
59222 27613
26945 27633
58867 5752
43995 54586
55019 41151
26528 29711
31412 52900
12441 59022
33214 56171
24216 41540
57493 9439
1116 45942
25419 28539
6862 42629
3333 51832
23093 10547
56617 57345
36685 34470
49227 13623
1277 44658
51161 25894
22304 19646
29250 36227
42931 54994
58624 13188
48657 13484
22727 50159
51304 28425
34769 22132
16259 31088
37662 7289
17700 45473
59865 36294
54569 2708
50068 6383
12041 54033
40207 48212
49442 25986
32107 18173
13540 52859
58316 24933
57340 25906
48473 40168
6873 53610
43965 2802
30074 18716
46949 50063
18257 12258
44410 30428
4450 18240
57586 29657
34071 25808
13953 2355
564 35119
53234 54893
33565 38035
31017 52195
13356 15575
24126 18349
38572 7639
40618 19847
14112 16853
1937 15844
25143 27176
12653 10883
14531 13719
21485 10567
6651 10276
41498 45028
48857 47241
52990 29658
48593 29082
15160 48298
11502 4953
56089 27603
35443 17611
48179 23748
34617 29597
46947 48955
28419 34424
30140 57886
47907 54022
58498 42102
30626 27810
7184 30820
39481 7379
50424 15161
56467 27157
37395 51087
3866 12126
32451 492
602 39121
19725 2262
49623 24120
5040 32693
55427 39289
11098 5681
18743 21460
18052 10557
819 21033
20257 27668
12578 49706
24161 58482
53351 530
453 17147
48102 32584
30526 24087
25356 11074
8298 6435
48644 48902
28203 1047
47537 56995
40059 162
46585 41483
57467 50285
50855 40660
20799 4251
56260 21145
58043 52584
18382 16923
12972 10516
49187 38385
39387 39857
43658 4929
30708 17187
35774 34248
22632 12567
13701 47727
55615 59890
2726 14620
30207 33777
57479 46968
28552 53036
3920 23866
17823 47414
21942 17551
30212 41560
31665 9083
24600 31913
25430 38874
53612 16957
49456 29995
45487 32241
33537 56768
21981 13717
40829 30875
56936 11324
14405 42417
57866 32556
43758 24675
26845 51296
42680 9448
27107 54877
5959 16336
13395 31191
17794 20129
8453 10573
7947 30770
48225 26845
25491 7145
1996 20373
39442 38960
49483 5123
43372 41080
55223 29631
38045 59831
51027 44669
55825 40436
27367 10929
57863 23875
53519 42941
2268 42529
29832 26568
18495 53471
72 31973
35893 13524
23348 19492
10409 17025
24335 32978
17829 48000
4730 38805
36274 8677
16981 4245
621 48789
12710 23230
55912 18888
6571 52401
7368 26924
58448 28086
51410 28471
14099 30977
37694 53535
13956 44921
55193 2372
6010 43185
25829 49258
26243 52662
1015 50385
32874 32218
51599 57566
1751 35102
48628 46506
58712 16130
42165 24731
29391 7553
18986 49452
57420 42993
14551 12339
51194 23613
15470 42107
19827 17536
22258 48810
10605 31155
17569 12471
29078 2920
29808 17664
1754 5606
37052 24567
55592 5691
45648 42544
10802 32589
17568 33860
35964 51030
49228 21195
16117 41736
18563 36832
33567 22105
6786 1088
58238 33005
33761 50486
56580 37068
2259 42609
29858 2324
39190 28109
27842 55231
15746 35132
58217 8984
16155 54203
33346 37857
55411 28673
32547 55427
33 31747
41895 34540
54775 22656
49495 45724
24350 26902
56716 11071
45083 19719
33026 46890
51661 1142
14685 30931
45022 14451
17237 44049
3516 25718
39992 23047
59921 15729
40296 30703
43363 29837
11204 57619
3184 30543
17348 16150
40217 6729
29331 14181
14093 49098
36759 59021
37512 54270
6817 13077
4041 58675
8223 56986
24197 55018
5292 15595
49510 12305
59797 40917
59226 44690
108 18163
28129 33368
14699 15865
15921 48919
12807 55410
50521 20158
9478 56298
26400 30249
49338 29818
25702 30187
55355 42944
24834 36821
14100 11361
18183 39092
50305 53779
58662 16809
29875 1560
49958 53083
47081 58115
51721 57619
6415 44907
16890 44136
48543 13413
42018 47349
45751 511
37517 55920
31197 8003
58482 34947
38506 14720
4647 25047
50439 43004
24713 10873
45932 54028
21441 8728
34644 24209
12803 315
53188 56855
57265 11814
20919 35966
40392 36294
33617 39377
19307 49276
14112 9136
56142 55860
16754 53868
19960 18534
107 54149
28592 36730
39538 53333
9036 55742
30845 16506
12869 21648
18916 14532
46157 29231
18768 56165
58740 40634
37831 52173
2966 37597
25593 23410
44192 31762
26380 41725
21932 28922
53138 39354
55334 38646
56687 17095
51394 31987
26303 43099
28829 42239
42696 7967
45517 55185
54035 29419
22048 29844
52996 7325
1902 23650
24557 32081
15090 46543
59122 33981
32933 41376
11998 34416
56283 20474
55723 27665
23468 43082
43560 33622
7350 28827
39548 45242
32096 31272
51754 11178
33823 42913
46313 6767
2736 15205
41521 31423
6373 20792
9066 35549
12429 52899
21649 3936
31339 47431
35382 17700
7743 3737
36728 19611
8995 49008
55904 39337
41039 29309
47656 46075
33875 281
51311 34768
12518 13004
41508 4421
27881 54253
5847 55460
34203 59822
20019 13079
12624 49208
22842 52660
35030 26199
45177 52937
21372 16353
24125 24922
10567 17478
38406 18718
3736 24779
34749 27518
17974 53298
15126 5919
44691 24733
58113 54457
22001 5527
46231 55648
2754 32564
53769 28623
2799 7356
7718 45287
48674 33211
25313 42913
11521 22231
47284 56767
3779 38158
33626 59498
38645 51739
45345 1773
26289 22522
26433 20129
34927 25549
25445 12420
45346 18251
18185 40882
36821 21546
27162 36406
18200 48060
56769 30953
46331 58090
12993 23610
58445 24231
21742 45512
43873 38216
29644 36024
13848 16447
9003 1040
28050 43991
41914 32575
45280 53902
57841 41816
51545 26717
51737 24501
49675 17132
42618 33302
35652 31126
16099 19733
37205 34006
37486 3441
48064 54455
7953 46151
49199 42723
59225 50606
1101 54269
6183 49030
28429 51770
667 37114
43284 13936
35881 31302
57153 21529
56184 4089
35776 17592
8317 15015
29126 3930
23750 7840
18227 53977
32357 49579
9880 9508
38368 39448
2550 55525
6846 36074
17610 6586
20123 50496
39233 24600
50965 6414
17628 11542
50904 54642
18762 13272
35750 4438
24686 23932
8084 47034
38005 55594
59889 31539
40122 47484
46401 44329
12510 43480
43322 45826
19241 34997
49058 50198
28135 55482
11535 9833
56588 39985
37704 41504
33148 3698
35910 39697
3233 6563
13546 17607
12061 16903
45005 55853
26771 5180
56395 18023
7185 23519
59012 1277
43075 4065
49564 59385
37863 58911
35024 30447
15246 3081
42391 37289
37814 31608
41723 26245
29597 33942
21906 6115
58917 43811
53313 42369
16872 17141
22576 10376
26467 29671
12804 22024
53911 21266
37431 36818
31700 35229
36544 1732
58392 5287
14069 35151
7523 52683
56631 23960
50555 28353
41942 15334
19082 57888
25500 33938
30108 20165
5563 49317
54432 56519
9265 27573
18721 51494
19470 53193
57760 27292
13321 45752
38004 15758
57409 15749
3346 22193
19620 48807
23108 10129
31086 4961
43221 51215
44796 39159
9552 47763
37547 17298
15356 29625
43295 32657
15056 23964
84 21113
3890 51532
18973 54850
54593 16433
3155 13522
3232 28954
30866 11427
16294 16287
34500 2829
8747 48599
9963 27694
31548 9914
16712 51699
15730 28462
1329 39956
53949 16434
13045 46717
51516 19006
33475 50341
16468 16805
50060 45745
52176 59984
3222 37090
16273 33776
42685 54510
36003 57053
13287 27674
24107 47724
18040 59694
12278 30108
7973 48001
40709 15524
25084 59664
18575 48355
45209 38734
51839 11972
15075 57722
13047 23907
39075 24439
33759 49528
16196 56497
33725 29592
26694 12341
32618 40796
42105 29144
9235 12616
2779 18708
48969 7709
19765 32398
26738 26671
18325 47483
50901 11140
7050 4
57599 9370
7071 52699
57972 9971
35291 49538
15746 59901
44308 19763
47924 52193
51750 16904
17917 58124
19349 38518
45899 44260
20899 31595
22425 25777
48418 13361
46835 44636
6052 20788
12660 31409
13033 21500
41439 53159
33841 21592
18910 40025
20983 57061
30850 46551
26201 2652
50716 49876
37730 15714
42144 16051
20418 19390
51217 19636
33362 26491
33461 5627
38517 22005
31962 3399
53924 20995
19206 1850
10032 55268
15111 43918
33928 24388
49650 26372
48446 10970
25164 45342
12879 3861
26665 56897
11290 47932
36806 13454
20336 9101
2490 30770
48652 2768
34174 27205
49273 51538
44216 42208
22813 16581
15129 24219
7424 1949
44494 47633
17995 53163
17821 48638
29815 49270
18721 8095
24889 501
34073 5872
45036 24821
57182 43315
50399 2958
42261 40061
51528 33058
17979 33003
10142 37726
34427 36090
57267 58525
12979 54687
38439 14496
59728 28951
6608 9489
19854 55463
54160 10084
1555 5294
22176 15301
10782 11643
47427 58754
36613 33277
42391 13816
23237 16401
43078 49560
52131 40838
37632 24458
17671 48593
34474 31096
38849 42687
14056 23714
17175 30153
46179 29425
59115 43055
3342 9242
37414 3716
907 54777
42362 42636
17708 19516
44623 56387
38889 14634
34681 2956
47555 21692
28152 50045
11516 11462
38746 32824
41920 27608
51914 38079
22438 33826
30659 26024
17522 35497
14503 11936
7922 59026
35384 18814
15624 49785
42873 2118
34679 27584
6899 24428
16056 59100
1875 59478
44500 26476
18161 16622
59762 520
2000 15695
49488 27267
3876 9270
10459 17854
51419 123
52979 149
3218 18981
15380 18203
43399 11352
49139 56153
48099 15887
49307 56151
39828 39283
12190 31139
19222 19791
57388 5633
58927 35768
901 24729
23323 28895
2196 38098
57071 10971
15470 10907
47481 27656
21998 15694
28862 17308
13229 55335
3240 16623
12403 12189
46729 39020
43938 44563
49460 56701
42202 22603
11090 55527
916 40141
11795 30707
29864 56136
31463 37156
29512 11968
30678 55739
6391 12318
37186 46301
48138 19278
46211 33128
20288 40037
40223 3836
17584 48615
23332 32930
12448 28170
21866 106
5200 26713
42471 3317
1130 30081
49936 59748
36054 40844
29730 10106
42919 31576
44476 23080
27472 58386
42508 56824
8702 29927
33407 10195
16523 5100
50954 5478
30131 29643
19411 17777
33752 24012
21969 32261
28060 9138
15155 1703
55769 49794
24650 56497
28545 23977
10707 10609
38041 13027
57284 16267
49255 11842
16226 21627
40024 824
3169 32518
34274 22507
45451 38588
28952 25399
51686 6566
22596 1207
14340 33973
37416 59747
28250 20927
54928 8614
1782 47966
29465 2875
25106 20584
31264 35711
57827 50299
18910 34996
57231 11860
34719 25459
26030 1376
29998 53581
10759 58207
12896 28596
58992 57617
44987 8214
4426 14586
39996 31746
43777 44409
23897 35482
43548 23744
47689 1413
6207 4028
38834 7406
48968 25599
19851 22061
21792 20981
38061 26689
26778 21508
57738 49633
32886 41097
52418 36998
41957 48776
18339 5140
50069 51103
16425 55413
19694 43491
7212 12140
24726 25257
37899 9472
38826 44468
48045 43037
20955 12335
36801 45769
36152 47502
1816 32508
30081 20000
29571 31424
58216 58079
14240 37040
26575 55970
14041 34967
19951 33419
6822 32060
23543 59606
31877 6714
27391 16906
3433 6989
7486 25278
12273 52246
34558 59259
3955 23812
31864 2936
14043 48723
45589 27335
6737 28620
21331 45183
19254 58283
51254 32111
30032 19493
611 32246
33413 46149
39359 38658
48268 40067
23360 55950
32675 13147
13093 14575
7546 56008
31166 2163
18960 2721
39896 12085
7712 26223
53995 39425
13242 20688
37098 18098
14877 20046
35392 20540
19814 30025
52488 18762
27763 19954
781 6570
42087 49945
5466 16395
8714 55403
27299 15909
36000 42554
40405 36942
7780 5495
26544 52460
40336 49896
28909 53644
53124 3406
43085 36663
23779 13130
46474 54488
10104 19257
37902 36707
33860 30266
36218 18046
42268 51160
54722 51182
34590 27628
49321 24598
56276 8619
20512 8136
4173 26926
59041 47486
22646 48018
50080 34062
56476 37097
21179 54564
41196 5196
45657 31785
15964 3160
59997 45785
42208 58339
18374 38579
50648 53602
56122 20442
41586 50822
57726 35496
27134 8495
187 16174
19068 31457
34747 20250
10483 49753
39247 4260
6257 25331
5029 57862
56652 26084
10487 30809
55030 52505
23309 26293
36614 7480
4547 864
32600 39617
49562 58000
43646 54234
57131 22981
4419 47954
34905 44422
36495 34355
36244 59826
45977 38539
9510 22732
53380 32792
33025 36300
44090 50017
8894 53170
18077 20360
19377 40165
15555 10402
4345 52834
8114 31352
34415 36592
42104 7756
31451 26531
3634 11858
6272 41540
35515 20722
46160 32157
57420 32979
53762 50405
59085 24479
34987 11267
5073 13264
53692 16403
12603 25708
18605 47492
51494 18036
46504 687
20585 56
38365 31490
37055 28807
14598 26413
53577 46771
23471 33378
57688 24873
57607 53729
46948 18254
44409 48865
24942 13737
28049 50903
44682 18187
25129 12155
52437 30030
50857 8739
5613 36493
48898 43485
22258 58856
48630 29938
54591 42570
57959 18112
54338 5759
10544 3830
35358 56471
9879 50327
46019 59903
35341 15211
56851 24439
46674 1291
47954 32109
32098 15878
4812 58257
58429 57007
47785 50529
9740 30743
688 39739
38373 31489
15504 42374
42178 25652
53282 21075
37148 27985
7522 46490
49964 10590
50154 25857
4782 23422
19792 32156
25155 36933
4042 25818
26468 11219
22476 249
2871 19274
57997 21552
28526 49596
52750 27640
10058 44567
47978 3279
4886 19813
14793 45648
39276 14628
14350 5629
16288 18709
52691 266
6060 43525
48475 14921
52137 17778
33193 31608
51927 52461
15067 56409
16516 58785
25448 23639
56047 19908
33808 49779
13720 22478
9797 42218
17327 49422
42015 47379
40873 23677
12189 28190
51241 23726
10242 38902
7855 43864
17231 27954
49658 15938
36558 55747
38491 48890
45550 41849
25242 5925
32332 13325
36626 25918
29034 56310
6916 24636
48300 22967
53871 30868
23855 43978
31520 31686
32594 50503
9271 16674
16850 9255
31444 50393
59171 42015
33956 15240
47754 4916
16221 23288
42370 55909
49828 58526
40075 49353
4518 46868
59132 50206
25150 25451
8617 14493
59594 47901
2696 36085
12558 50155
33630 28719
42086 6664
24437 49448
55849 10756
29879 24569
44263 33423
1319 6818
18825 54535
17402 34586
53584 5787
26069 2158
36417 23510
19448 58547
36667 45346
19368 877
29171 57467
32241 22206
26408 39918
34052 7398
23153 11673
52783 37389
17899 26149
27022 25608
55263 47844
683 5895
43500 32530
26701 37576
18632 39539
16528 56256
49478 18745
27005 44143
49395 6807
57879 4334
35557 44896
12447 25589
41417 24361
5306 32044
46972 58451
51928 22438
59616 2198
51158 1545
4384 33038
51641 39192
1429 51987
57735 26052
38694 18169
21278 47042
55199 31650
20220 22656
57317 27122
34904 30659
58125 51131
25570 10907
18393 43555
49297 27155
7018 25352
30380 24977
48704 45420
54276 29451
10746 33346
22433 38854
1904 47158
18535 35394
43464 48858
40232 11672
26475 21600
12770 15434
26273 6990
16447 11072
12462 48699
39159 3832
8067 42466
31497 53870
9209 11535
35328 54907
50534 37456
58513 39830
40810 43869
13071 16986
7071 58563
22755 45040
45129 47999
18128 17425
11782 17305
4656 29845
51388 4373
45841 38671
36381 35826
21768 52510
47485 37951
29746 22358
6558 53675
50462 26827
36276 26281
31136 18276
45746 43888
8565 25705
57856 6246
6112 14537
52537 25323
26906 6873
191 15911
24239 50837
40248 58026
21254 28955
358 42916
17590 45767
28715 36761
28137 21831
47172 21094
40533 13776
5583 49882
59774 7424
22912 11778
37793 19348
35893 9547
16926 44192
14541 25439
6108 28880
50634 19510
37558 40711
37907 16911
53896 58249
6318 6344
19467 28615
57902 37389
51260 16033
41834 49134
5158 45375
17227 1930
26178 38214
7990 31934
3101 16697
12171 42399
17816 27585
15280 43685
47366 36345
248 3643
49943 9030
15028 44204
27810 26190
31362 56438
59489 43761
34805 9525
38113 1874
41910 49660
33472 10873
48938 57392
4477 59702
44690 22332
15235 40004
1825 15258
51694 41042
52498 3130
6166 19640
18815 7082
40762 9970
39032 33449
1838 54999
5612 39369
29100 23053
45828 27269
8364 52207
44775 35964
45390 10091
2787 12270
4829 4519
43935 49932
2240 51542
55314 31040
17236 24731
12755 49683
28721 23074
10150 54179
10491 54174
16262 35032
20797 24532
26112 31517
36637 11088
30214 11410
22542 59518
29927 25638
53429 27655
43753 34008
5931 52746
22752 30251
29084 11343
34508 50037
57364 11197
8871 2409
9222 8180
31774 43526
18601 51608
57169 8991
2607 24806
22488 24341
19597 44563
31744 31004
59810 28943
44344 26933
16350 16643
50417 12481
49492 57550
45241 6978
54404 51683
12995 13378
49229 55722
59535 48199
29264 53894
9163 56898
45718 48186
56276 10594
19600 26788
15461 10944
1660 10818
17281 6318
24451 40432
48805 32969
19511 21233
22035 5478
11614 58616
20319 56126
6499 42789
35580 53071
8588 51509
45791 15013
41744 41211
34069 24654
33967 37597
18508 11591
3500 51564
59612 35478
16105 28349
57025 51701
57053 58788
13116 17695
22698 38115
59566 52552
56615 10610
28062 39892
16032 14889
50274 40684
56685 27582
36255 52475
5051 10579
28379 20498
55374 55254
23279 41665
7462 25168
49654 30306
17927 16614
58609 43239
32336 49905
43696 36405
54665 28940
4342 24082
48109 58250
39553 40056
47802 56669
20928 2558
20381 21431
39379 20050
41161 57643
22339 8221
5721 6166
37390 5193
59260 33314
28399 56128
20819 44186
22863 15734
55835 10932
47505 48454
3303 53480
58739 28088
29025 48790
6472 34566
34749 23235
18437 53660
38700 58952
46333 4654
3001 42722
193 52484
16723 41408
24352 43104
19252 916
40039 5902
52086 39930
53069 43040
57711 2761
8190 26635
45530 28305
54347 18167
54624 1524
36211 37872
3698 26061
32169 27805
51972 21962
50634 23680
55735 30403
26852 15772
56900 13410
1160 25239
28673 8186
27846 52209
22906 22636
49775 6230
32866 31587
4017 37148
10915 15366
40936 10062
26705 9085
6137 9258
17311 49079
370 3914
35971 56175
29498 4616
4743 49150
48046 1858
55613 38279
20723 86
58878 41875
33464 38073
24814 43323
27936 24659
8805 21265
46502 52982
41500 19709
22908 11719
41802 14280
20916 5043
46443 30231
55602 35277
32643 27792
31433 57287
6778 29663
17620 48955
4726 50438
12913 52344
43352 43031
33912 16458
43079 39045
16800 13729
59435 30349
45987 339
13710 24645
56689 45042
57358 8628
14076 24020
21772 6995
33335 45533
44867 10498
1932 47320
24251 22122
56232 9149
52523 28389
27594 39719
21681 15577
42118 27050
40812 11972
42001 33099
27217 58015
54335 16675
47781 5671
45819 45024
32466 28354
27959 49933
16546 46364
7912 2537
5326 32926
11698 43787
50146 48120
28741 59757
56858 1135
14152 1317
42350 33001
32097 50979
2819 45146
9466 56119
8696 57514
48306 58779
4002 17891
20002 37464
50471 31692
9739 42004
53101 59217
47014 49774
57259 19645
23885 15389
17333 18905
25061 38161
33410 53854
51378 8010
56639 20240
21254 40408
18634 32361
8468 54356
32567 21746
51704 26684
36996 43268
54102 13566
6844 26707
34770 9583
22071 10478
37287 2297
58766 20206
54154 57235
38129 37514
25843 51614
36231 44820
21151 32781
34071 46743
12104 10320
41525 22563
44764 57041
1152 55664
17027 8164
3565 57650
39192 40365
31965 37074
51467 7393
18715 27568
43955 57610
8681 5310
3157 9950
53110 40313
8588 4323
36319 21645
12922 16690
7860 16637
25401 10001
57639 18733
37427 23355
39811 5523
46951 55764
28574 1627
20739 34566
821 59163
26564 26686
9620 46783
59250 40028
19520 8878
6204 41628
59513 30675
40165 46371
38604 33461
36404 21792
39187 48250
34421 35274
50336 41980
40636 4750
53244 45615
13171 2057
46654 43520
50700 39550
46683 20450
11823 58366
3020 39931
23451 56738
28438 1176
6603 59782
1714 10191
38884 42679
52336 25928
21778 53919
7588 56580
6083 24662
38849 6748
50191 31454
38480 51374
51358 48377
1223 8046
45529 15940
34587 55431
22625 52426
48277 32603
16916 39936
59478 13210
17074 34401
42509 55806
18097 19096
18187 57793
58701 33548
59064 54314
59076 34766
185 21988
12523 27646
41882 40993
59555 25588
15731 36066
19744 22178
55949 30068
27495 7359
50731 35428
59687 22894
29476 1971
25553 58252
45561 43649
58035 10058
53887 47298
6065 263
31905 39984
59627 23604
5769 26225
4066 24665
45667 50022
50477 51860
40599 19639
51607 57473
20715 13929
35919 28374
27209 31218
37944 43103
8775 36475
48031 28572
51539 75
33325 46863
13142 47272
4109 13124
41547 48998
24546 28647
4034 882
37490 6715
29632 40297
13334 10930
22527 58109
39965 48860
28991 25612
834 58493
10902 53156
40758 42693
43646 25946
50941 6265
34819 4575
33339 19618
29425 24324
6018 59124
15260 14186
47387 12244
59196 35113
54934 54999
13244 31833
54844 34017
6410 47641
30520 25500
14805 17670
52931 24334
36584 4653
51892 23302
39239 30705
24572 46096
39447 11006
33395 32003
38717 57078
46102 33070
19909 7405
22198 11125
34035 37496
48868 45520
45325 27919
43244 43367
54839 47575
34246 39070
29106 40063
989 56947
10496 42570
35219 39493
59673 53974
17289 50143
59059 1522
54979 25499
7739 30375
15064 14376
25282 23636
20583 54155
9481 22075
4508 34446
5490 13533
27264 37245
40307 56858
56179 44922
38263 26983
26493 55964
46778 10740
56256 58280
7449 54855
41383 27191
16947 36344
56146 32522
12966 12706
17019 16468
18149 22635
19301 16550
27504 25618
5639 51138
42158 49211
56084 6078
56794 49376
55732 28410
24389 16155
36474 4297
45140 26302
5283 27390
27426 15813
4448 49251
13478 7495
56325 32539
56144 19133
8172 28869
27486 17808
44982 40282
37015 57182
16064 6103
25618 349
53586 4678
1194 26358
42296 6502
58790 30228
39251 53793
3797 16022
46392 44612
35306 36820
54805 52880
42615 19764
57650 44595
53223 56522
42970 22660
24243 11550
25733 49293
44766 12759
6738 36177
40482 48649
537 1694
25873 38518
41506 13860
43930 25056
16287 44537
30688 46329
2502 55110
44716 45184
24232 27363
25706 54609
34196 13385
20296 59268
6627 40521
59414 17368
58614 25968
57510 28870
47928 6683
24806 58489
54400 26726
18639 37979
32707 2694
6092 35503
32408 22249
5582 32583
31461 53221
19385 46570
39703 23795
23538 17243
4046 4850
38301 13786
25633 29901
19838 57963
10347 58221
50147 11926
13690 45158
6830 14968
1492 32876
47712 54747
2296 49124
13110 29315
33127 50903
15490 17287
18694 57559
49437 59966
21251 57398
35076 11639
42097 26371
24253 1574
30438 59384
4041 50285
57844 18446
38284 17246
10620 46106
4211 2942
26699 23064
41176 28243
20989 59568
29622 52413
34037 55070
19509 43963
22365 789
37063 10286
32236 13195
11700 33672
42689 16537
42642 41734
12423 36805
23877 21116
5546 22975
3363 27803
13163 51676
55833 52866
29086 4235
38385 7266
55322 51227
13618 9052
41535 10767
35940 37868
11853 252
20911 31520
31667 42153
50793 22895
22724 24455
657 43740
500 16214
7542 10771
51624 59734
42462 12036
59205 35233
12219 15905
2807 33854
40300 42699
262 14632
18752 4254
52966 21491
24651 7164
44873 27573
53288 4682
31184 26525
5804 32909
58247 6124
47553 49474
43814 38309
13742 1489
51237 3913
27640 8772
49223 44456
4070 19752
50483 30510
49611 32768
59256 17388
45790 9723
3133 33593
43868 54743
46146 18545
53094 38426
36605 2004
15717 25727
20947 41996
21993 28240
31779 31820
40829 6362
50133 45098
57444 58942
12329 26650
54056 20719
27115 22950
7162 44250
34336 36049
4376 40167
47036 5040
25995 3353
56017 5219
8123 24569
2009 28897
9762 13515
44733 3489
53966 35100
28265 35785
291 25686
26736 32252
29652 57431
48292 5303
55041 18545
58630 27028
20384 29131
23431 11057
37656 48820
35834 31197
21295 10346
17722 46746
28024 8377
33606 2942
13243 18588
2049 4336
50671 32550
56231 49134
49067 14293
4369 15965
31407 1489
31047 4078
22031 32229
16345 14572
526 4205
42850 53694
54335 29443
55455 503
19294 15001
23383 17711
40232 46126
12336 40276
36634 30191
45599 38153
56677 40563
28755 51016
13704 44643
44277 12307
39898 25279
23012 13857
40953 6656
34576 24720
25606 51554
56487 34887
12532 18905
14461 10220
8628 3787
38972 7989
20416 25760
28077 12210
15611 22997
58653 18111
34739 12757
15716 37260
27658 20902
46581 48820
456 42967
6002 37466
42828 21821
21413 7645
32064 58648
22462 44550
34660 3160
29411 36036
10866 3062
59821 26121
29783 56511
57388 1131
52508 18264
38663 13738
6089 30018
2635 35832
8136 36228
51704 11207
55893 18353
5063 52879
30889 52196
15331 39962
6021 11007
52124 2976
52498 50055
20536 51614
13477 12871
8945 39985
5183 29625
6273 47833
5052 58686
59561 49791
21364 9596
21886 50729
3881 3129
37576 29810
59238 58501
50624 2529
24905 12659
4018 43867
787 15178
54145 43624
55090 4437
50649 33218
22610 38573
50493 43775
23056 25142
1599 54623
17026 28667
59373 42688
20921 7367
18088 58173
43185 55610
36729 771
34733 38713
2727 52942
33005 27076
52454 55762
55026 27930
10064 38111
7018 46970
58582 22975
36962 52589
12460 7067
41361 40386
59782 10076
53966 52832
42866 54800
26016 26984
33585 40508
30319 46716
43261 16321
36359 15998
5127 25812
37051 55059
9192 54668
50030 25075
32159 14373
27680 19661
49985 25767
35593 20964
11724 128
20086 50285
805 46795
8805 19312
19140 32667
59676 26038
29011 17610
603 59677
45138 40422
1141 41609
31387 8811
12850 39224
33308 42071
41736 26219
4243 45729
41996 13892
38843 19291
47955 372
43525 33236
45945 21744
45518 43265
44034 15724
8800 25607
44348 4895
47834 16435
56429 26263
49955 47174
12995 24374
46754 54816
3738 4543
40387 48852
38245 32396
8699 45155
59 13681
18730 5835
4464 21180
10889 51273
15803 41844
52327 38525
8393 28092
15509 26178
39417 55759
55916 5945
57066 18940
23805 29881
29519 42281
34083 8759
27159 8359
16086 24173
46136 34853
52285 55516
2115 27179
49294 9173
12849 20224
54775 16930
14286 56792
15029 48759
51709 4828
53178 34637
50744 7969
38464 23925
25732 21935
15161 33783
31805 5767
37632 22563
35029 17447
58518 35036
23411 26080
28822 30223
57555 46835
58899 26968
20780 52712
14184 34614
57529 12461
43162 27110
20197 42097
41448 19747
7478 38031
50405 11563
37586 13023
34720 18088
32891 1629
40840 57368
23229 29465
15585 27614
7857 47898
44380 50602
37447 14541
29328 51165
51755 40077
49801 19949
7405 33608
13834 30023
11588 43886
49234 9768
40341 50662
12287 40159
25741 55662
1699 29344
58312 30581
49994 803
34552 55003
24253 14436
4587 28486
24604 53612
2211 57257
10092 11427
42472 20554
58785 35847
39643 39481
53527 18924
48825 58640
4310 59421
23863 26666
49995 40797
9622 45433
51672 8009
42758 12817
10621 36449
21619 26628
771 39029
50766 3676
57575 54334
38545 47569
43326 28877
57477 12864
59035 19050
48150 42975
43932 44242
25440 20933
27699 50025
6630 22579
33578 34279
47383 42856
23961 27073
16948 26906
41358 43591
49261 40324
57573 55358
37819 30663
54245 10170
35923 38869
7729 5748
15604 48525
37376 36293
17869 54577
46726 19073
23865 55655
16361 917
40693 38645
37367 56672
32820 46202
20823 43222
9595 9750
46034 39040
39087 53620
21083 5677
26962 30933
12538 44087
53495 40304
17408 41921
11387 57324
23732 17120
29833 26121
41322 771
18146 4499
18166 37103
24767 8479
15588 18940
19414 52373
7960 58832
44741 26969
3508 21293
2961 51733
4689 18824
39821 39960
17878 31436
57789 11356
42657 38609
23815 28161
6529 31483
21575 13916
26138 30535
27943 4732
18120 57401
43331 36087
15503 12865
25027 1591
5131 12558
46710 25972
47518 47995
512 7463
31132 43557
29205 44750
36383 48298
18560 42849
10762 53721
31296 46579
11733 52741
57216 33987
56214 37985
4258 19674
19000 36374
53557 17994
35298 20722
44711 33663
26890 5642
7753 40812
32781 57639
35229 6621
19536 20481
16555 15730
9300 45993
25063 10556
46665 46880
11103 35020
24281 33758
26650 6120
9991 32091
19910 328
20106 22218
32769 34113
2799 36685
53407 52025
42348 27367
20386 14721
35654 29716
54975 31027
18128 2479
46146 32031
20812 5902
4779 22735
28131 34754
132 33540
12155 40705
7691 40867
40516 34986
13958 5475
50399 10237
58381 17858
29935 54482
15155 47051
56000 18288
54316 30533
48765 47000
53769 59310
18703 34849
32730 19601
48723 51879
24341 20351
27828 5474
56197 10090
40599 42062
11687 31832
22386 34226
27768 50024
57273 51886
20683 24815
41954 25030
16212 32239
57257 47936
47171 4798
32708 11604
17722 5645
25242 11351
28814 282
35986 5062
19868 22269
42351 13601
19240 48830
29933 50844
5283 59638
2306 13276
8013 29677
39506 20571
20900 13788
45612 47760
2989 7730
58085 16682
38226 49218
49797 58144
26518 49510
17922 28715
49082 58180
5691 4131
56464 15431
5110 15756
13847 55345
41368 50742
40934 25903
43563 37285
33551 48701
29723 41559
40274 30631
33232 41599
31996 26855
2214 8322
17638 30923
51169 4604
29614 39763
34301 50759
14556 28284
52459 37254
10654 48075
51625 19146
18079 50309
19967 58383
14220 7229
30324 12840
37742 52842
9710 37547
33198 55619
56453 29360
51070 19571
36067 46007
29108 25065
46959 29097
53777 48134
34673 23344
35743 54960
35335 28600
52898 52240
19909 8732
18572 25478
6191 13604
47318 45851
46962 16635
27480 13649
3395 11815
58982 54500
8183 50297
11072 6394
59723 30444
43779 32382
7399 42132
36691 58546
6709 57679
56113 932
9895 33157
52971 8254
11440 23380
13311 59671
28355 3331
58547 23383
59216 7267
2292 15932
58324 45482
25070 28370
10798 3209
45711 44414
36669 2791
17444 27697
45508 45602
19601 2253
45474 50884
47757 13476
48711 40548
7735 40130
21530 27630
21740 36224
44521 3538
31958 43321
2456 54946
5846 42122
43291 49360
21231 38012
40954 46381
39556 52516
43917 13050
51992 10258
33402 11614
49077 21817
49640 49938
58858 2544
1791 28869
2504 6872
10461 31190
58374 12856
24842 59550
33183 44265
14478 35440
9084 32177
45509 28129
11980 13063
406 41202
16594 19667
20712 44094
26404 23091
54420 58097
51614 1134
54698 21468
12799 28019
18142 52374
2813 21923
48285 34303
5930 9559
17492 23547
40938 18386
59801 36411
3874 24814
30647 28155
55312 26381
33652 4593
17893 33604
28343 14335
19753 32415
57875 47079
15643 49722
30125 32534
39708 31501
14286 14896
57983 58424
26803 58543
26217 18250
29597 16108
49704 42780
34114 40386
28252 33927
27494 40251
24576 58683
20396 32583
2123 36453
57759 43
38681 7077
41993 42397
43647 16206
12547 38660
52105 22183
41500 6180
39584 21803
1750 42639
11917 44856
20537 51109
12800 15538
14627 47252
2807 47696
51076 39350
16153 31920
57740 17588
43325 19858
18155 45656
43778 55137
11199 59656
39173 39676
37544 10604
37829 27902
13097 32714
45509 22157
41728 43485
7463 12128
8681 38695
23837 21103
19851 40811
59159 54288
11425 29429
25049 1115
17992 54356
41666 58242
15482 21005
54608 48702
59015 50877
32232 20408
22543 54406
35666 2069
55480 22425
40748 49215
13489 9021
17394 5440
8155 46803
40069 26258
35924 58732
15741 45766
40678 28257
39334 42583
17544 5018
23427 53922
27589 58983
50622 9225
34321 13935
51882 53612
12428 45774
10598 1607
19416 21714
32023 39167
12786 12470
514 27719
34264 51983
16164 29412
14674 33094
59973 11799
1752 49201
54448 6643
24268 14717
26650 34339
44264 47306
20504 59516
43524 28076
16382 22137
51022 31099
22191 36738
49136 26348
3887 19388
4354 38948
5613 34040
3398 58680
35191 33902
22771 50908
18553 45564
29811 33516
25106 31004
32947 14837
31351 25460
26540 16930
45880 29197
44177 14517
37900 17763
3367 8515
19370 27975
6861 30579
3916 48950
9915 44
33062 41256
20272 56052
43329 58595
41272 57819
56158 24142
14103 5837
41193 40473
48244 1362
1974 27230
39961 11415
48493 39054
47149 32198
21197 29674
23068 27879
6872 16167
42075 23204
42265 40475
16841 33023
15263 8143
45076 24691
55396 33662
15347 29218
24888 26929
3089 4928
45679 52126
33398 52654
47547 21235
36784 41692
54045 13311
44101 16541
22752 57457
38135 54968
3642 37580
31722 24444
1411 46975
18322 13883
11040 23207
16217 46334
17144 45704
2536 59781
4692 26348
4125 54017
43880 594
6414 29382
41008 51450
32312 8688
30764 5041
30793 663
17879 33050
53994 55398
1817 25546
43516 27347
59807 37267
15460 38882
16087 13952
38856 32185
57029 12261
18020 37697
36478 11247
51375 39043
30033 36004
38108 55826
25141 46331
23722 21479
11823 2836
47532 32468
32588 8145
25131 39877
52689 21642
9108 483
42015 57687
28417 34116
27475 435
35777 25876
13363 57322
6064 40944
51376 5445
14083 18795
17801 20937
38987 54045
44986 50914
58391 42585
24412 58183
32459 24983
24587 31281
58591 34251
45348 2930
54431 42113
12764 36033
58697 19341
24188 31035
14491 46017
28483 40836
10662 28993
25674 10731
56505 20589
20380 37022
21915 940
56646 57781
50616 56162
18697 29469
55728 49285
18986 37959
34640 25213
34926 11336
53953 14708
46919 37144
55483 38985
4163 20774
15855 58349
45463 15969
48123 19074
8739 13020
4762 6964
9756 37928
13837 47744
23396 458
34615 18288
59061 35120
13385 59652
42748 23621
48456 40160
39197 51538
53523 45323
34951 33082
38692 4343
13793 39727
14157 44485
1882 48413
59497 8307
47331 53379
51743 39921
59805 888
5394 27739
59276 58472
22966 1859
26674 24732
37423 59563
10548 40177
18605 41123
25653 46772
37139 6110
30248 47019
20680 35087
35302 38920
42345 6068
2928 1167
400 34271
330 39233
14564 50489
20963 46481
3556 22993
36167 38883
52774 43898
13880 44891
15422 49538
4500 11274
46367 52946
37253 16385
17241 33482
58799 17174
1404 2065
51540 40139
22086 38232
31180 54749
52572 20582
42982 52406
1870 48667
37587 16763
20365 29567
17045 57442
4599 19476
18565 28809
11618 30251
1261 11332
52616 54616
34695 18013
50304 19482
47249 57363
29411 26934
47516 17777
10040 42645
15651 51792
15257 48119
18387 44166
32648 51911
33561 58359
57985 46279
15649 50153
5497 37775
1653 22451
59850 30634
47904 26397
2514 29385
43920 21438
33169 20671
59494 16614
26893 19918
50178 1662
44023 56415
46836 206
58249 58811
10456 10050
47859 29577
37139 8008
47479 51521
32202 27202
34971 43344
30809 50179
9239 56557
59815 51953
50339 38587
48050 45942
18674 10604
1103 48381
56697 5608
14930 25336
29335 33702
31700 3847
37745 28182
16299 47178
10944 30668
45955 13074
44947 50909
58930 55717
59168 51312
3396 56467
10686 31213
35905 57044
3072 18535
22013 51778
15732 35463
29835 57977
50437 7676
7901 32149
58160 39796
7302 31896
21882 53824
52565 52955
2200 20831
15542 39057
1334 13159
48226 1648
6365 34079
55255 44290
14275 38030
24519 34484
33864 31074
2850 22677
23736 48563
40868 18719
32582 31879
23362 19515
9006 52614
22849 25853
35049 5343
27955 54850
33184 8764
518 47163
9068 2176
54898 14264
53644 45102
45260 16829
13281 37731
52388 18197
24922 55349
2106 15402
44396 5630
31413 41418
38993 12683
11108 5678
42714 54506
18618 10020
3520 26994
17861 34146
29260 5216
1744 53649
36835 26396
1301 5648
59039 50850
15386 5350
51943 32013
52017 17095
32537 54729
5547 39385
39662 39631
27158 3244
24421 31268
21834 30785
36276 15042
9130 49862
14539 35008
57238 55672
28152 57576
37740 52874
14172 57978
39378 6778
24491 38453
24281 37782
22367 57102
35336 52742
58584 28656
6565 47020
32356 14067
20714 52025
3236 33106
59407 49988
13233 19104
31980 40593
25885 58254
14944 32599
54377 51672
44463 29972
7402 19090
48245 19488
13499 38312
38362 18342
17748 23457
22570 11861
31589 5709
56946 8804
40189 15730
41504 37131
27227 24011
12510 51553
5994 28090
3481 22052
7445 59216
38584 35969
44311 18722
20229 18577
34503 56861
27898 55659
54358 9607
53595 33042
52213 29921
36001 36549
11120 5376
8952 45015
8547 30191
19827 25895
20370 9205
13788 31496
25419 6903
54177 39452
23527 55628
26848 32256
8750 23906
18978 57262
53638 59448
54811 35508
53518 14846
8819 30527
59399 14982
54290 40090
9553 44022
25051 5118
40539 3914
31535 42983
59706 18538
10562 51856
25101 33679
729 18202
55447 21714
4473 12744
13173 34066
25241 9920
41145 44695
8812 1861
24960 12140
6860 54781
52769 54295
55650 9846
50953 479
1038 31918
16312 29732
29954 18906
26205 13653
17351 31700
22073 45284
34214 7957
1640 46777
54467 53776
14717 31658
17550 48721
32040 44887
11969 9466
28266 50189
25374 48481
34000 39459
5798 3827
45931 24153
18262 48146
39372 39816
33715 57459
11735 21837
11720 38697
28898 37737
25837 55502
17609 6120
53211 24623
15452 18527
6384 26409
1721 3390
10747 52037
50066 57356
34564 15754
28783 52989
31701 6330
24721 27285
18130 57571
37445 38360
6144 35124
43433 38155
38539 20558
59954 13408
26973 51621
14603 14235
47390 44129
54914 28464
56440 49189
16140 2222
21781 8802
11676 40264
51611 11051
48429 4430
49190 30943
43072 45869
35773 50517
6159 3534
35970 44858
966 56597
18835 46975
12945 48567
5555 40977
35849 40369
15549 51861
19512 52939
10589 32469
49005 27380
16653 25676
23503 53405
58433 17916
32854 10496
34062 58676
22498 4258
36471 26728
38254 30628
36972 52588
30525 36657
52614 35563
1834 48921
50695 2557
53853 38923
23974 9746
11721 49527
30178 6002
40957 20282
25043 6681
4854 25958
7322 1575
44628 14863
57296 13855
56235 33544
40997 2090
12145 46593
59881 15383
35638 43267
192 20769
26848 44794
20057 32063
10725 12918
28233 38507
1725 47779
43606 51478
43956 12392
27709 27815
21266 41625
44765 19310
17986 54993
12718 58203
27398 44745
53878 17210
57964 52649
39721 56265
14435 47055
50162 44448
44965 10736
16450 57791
27382 25256
44757 37194
49737 59380
27388 55392
16377 7084
34393 58028
37182 4153
39637 13040
46227 2784
27795 34017
43154 26369
57257 48691
56211 18868
22045 23547
33198 29055
7383 57054
8059 39991
16567 13790
45452 57411
1686 30779
51120 15398
49579 45675
35211 3855
11632 24276
48241 25110
43867 59700
49093 17164
49004 48689
15887 492
39431 44411
7063 42140
58253 13445
28355 15510
19850 20653
21863 40035
26365 6281
11938 56917
29799 28314
17816 126
25687 2831
8494 17090
20978 31482
32175 56248
20352 31262
38434 49523
27 55588
32880 8404
3461 14799
40130 45272
15561 3280
49502 58917
46615 26849
15644 38029
26431 51896
12313 59786
26538 15387
15658 16891
56075 10541
26536 28143
31857 50518
48368 32029
17939 35642
51287 58093
37994 43070
28180 57900
19379 54992
21330 39333
677 52866
35317 12753
4433 57197
53529 35918
45812 4499
49591 8269
25092 14355
58411 20901
29169 43577
27940 24608
59875 19087
27418 28200
2734 39473
19607 49176
24743 59519
49747 21884
53776 10199
59618 17106
25733 51753
22994 51362
31862 39805
29625 46490
52002 57652
9660 46451
17665 21417
5076 5807
47718 59918
56875 22739
2645 1086
59870 13468
16545 24723
49399 32644
34549 5727
35962 40275
2202 50752
40566 27583
5923 43910
10942 32438
25140 9488
48009 3227
44651 49053
17330 43492
3657 48836
35434 48257
140 14896
54723 37403
7515 8608
2445 18623
39832 31653
11302 37687
56542 54608
48895 3736
10136 42857
12079 33573
2420 51334
8895 18747
5687 31785
38564 7809
49001 1886
11941 16816
54335 38891
13669 25395
58615 34951
42239 51436
21900 40504
58420 59570
54333 33543
58701 9298
56560 45661
2168 7738
21148 23809
55334 35440
20697 26740
9609 37246
20608 50844
26401 26058
33692 48966
24506 44489
10313 8206
615 49630
37217 53357
47820 13755
49761 16506
29662 54240
7694 13895
42215 55181
19169 44244
16477 21860
6399 43120
45368 30978
22773 52725
2985 37667
41021 4060
31616 33779
56810 32147
57975 8911
16937 55412
44298 21542
16753 32046
22895 8368
53275 14694
3543 15449
3373 15616
55815 47856
21197 35387
15479 22044
19633 36328
7820 13453
10613 9888
36198 21788
38970 11414
15146 38686
26260 6276
59240 19046
4768 42764
57050 54922
28326 58897
24286 2262
22777 8884
4575 33574
21650 25643
10938 30433
22608 57800
43616 9621
8979 2059
32479 2034
37782 5076
3287 3832
12716 27561
22711 11118
28414 27813
23407 22891
34538 14668
26314 1565
33011 41635
35008 2605
28603 51025
52499 51468
25248 11848
9903 55624
34442 25715
34744 51214
9121 39976
29252 50670
1778 29991
16200 55836
32271 56982
22974 28332
1556 47947
12187 15770
54069 38456
25873 41570
51652 50612
26477 37161
33432 28599
58312 48775
30008 56345
15959 15248
21806 7140
57766 57707
20133 5899
59696 30416
44801 34088
7079 871
16019 59476
21512 10423
43561 2097
58373 22467
51307 55043
40202 19089
5890 31760
37478 19181
14600 39475
27766 15658
41222 50246
45840 30068
37174 50326
6141 57734
3819 213
40716 41815
28368 15539
27562 956
21364 8091
3477 19423
20778 37982
59633 41769
17495 31502
23508 7801
7063 7184
18250 1083
55743 32380
3049 54426
45694 35966
18752 52478
24260 45869
9275 55394
15239 12830
49639 25329
4803 47083
25678 13192
13902 57800
1013 14166
22070 7291
27849 3166
6802 35069
7594 58587
645 32507
29121 59419
10295 2034
48262 3398
50067 35316
22683 21364
18490 28332
54758 29736
40732 34143
12909 7025
52447 43118
14872 34744
15297 11473
53786 24053
28604 40
697 14256
27138 52214
55738 28416
59557 13916
51929 38517
29003 48846
32676 16874
40629 24629
38106 44503
56346 40707
20540 14114
50641 42403
27088 3388
11726 24790
56666 9344
56639 366
25009 27204
31902 10692
47187 46105
13155 58991
22128 2812
42412 46758
34643 28700
31593 35222
25873 8743
15222 16360
21721 57797
1099 5190
31492 47496
12789 12085
18944 59862
19257 44142
31571 4869
40534 30810
14569 11766
47001 45422
10198 53686
37838 57765
10114 50089
54411 18888
55219 40755
22193 38435
14447 54250
59108 59543
40798 38911
18133 45872
1229 23535
26980 22049
25589 15428
20859 18928
9918 59367
10953 10900
52173 8144
2417 31573
4383 35854
43775 23320
41483 54699
41949 21722
6999 6483
10059 40455
15368 55376
48128 21387
56106 16537
39400 54508
35724 50837
21752 14694
42225 25301
2351 52899
23560 44006
25334 16929
49067 42610
58210 21988
30725 16698
52121 1717
31760 9345
55155 4688
16863 16789
41123 54391
11663 47649
13799 19806
5275 25640
38792 21519
27882 15977
44832 17625
9874 12626
3220 44027
45929 16519
3207 25084
10328 10346
23881 933
28463 22159
663 38142
2086 40238
2129 26024
50504 39379
49143 55878
31708 7377
19588 4456
3656 51260
32971 11022
22393 23100
12188 15859
41814 37651
55463 57423
21532 24004
13976 371
11427 13623
3254 1849
6612 43975
16453 57910
23021 22943
17568 20379
15909 15822
57496 27958
22875 6813
48000 28765
31011 11593
618 43970
52498 31477
56669 31106
59090 54692
44395 33303
1614 51857
27437 770
18798 16747
2623 6092
53137 49693
34097 8431
1006 2353
56653 31855
7118 8570
51973 4410
57113 37833
44206 23388
37338 22908
35714 4151
25868 5590
50142 29550
44563 25670
14287 11250
33637 52891
30810 28102
4454 26301
7622 40468
12829 17094
8927 46187
35277 48402
52897 28177
1291 58099
40343 27840
42932 36477
5894 11221
36575 54389
21920 19616
54913 39558
46699 46402
36588 37616
23053 50973
14943 35524
28048 10385
45834 45286
25939 7943
9287 51350
58793 58441
25281 35738
31473 37860
9715 6792
19151 54103
41119 54579
29885 48412
52634 54402
34959 43672
41900 19942
36080 41086
38676 48817
23648 56120
2162 12008
43055 40408
25111 25630
1915 35060
22960 55088
40207 37415
16582 54276
23371 20849
51107 20468
39403 19941
13333 3127
4031 10026
2746 11373
56083 4412
43738 28381
34885 23222
37272 10501
10718 27762
18253 6703
33286 39473
29350 53154
50910 16584
17160 2761
27440 33369
12450 25425
6213 5415
32269 58362
26227 25771
16482 15327
46089 7443
