5903 5904
2713 3464
315 3464
3464 4188
2713 5748
315 1917
3464 4925
3464 4871
315 4769
3464 5892
1969 4188
2488 2713
1917 1979
4849 4871
1917 2166
4849 5031
1991 4849
944 4925
2134 4188
1091 4849
472 1969
3120 4188
3464 5057
310 944
2713 5534
944 992
671 4849
3371 4849
1875 2488
472 2222
310 3522
5534 5842
2713 5011
1875 3139
3034 3371
2713 4734
1003 2713
777 3522
1003 2945
1296 3371
1675 2945
472 1649
938 3371
1979 5038
3342 4925
2134 2240
3522 3775
992 5030
1793 5038
1195 1296
4188 4410
2857 3342
2240 2362
2672 4769
2713 5681
2166 3008
699 5011
2023 5681
632 4410
2672 4283
919 2134
4188 5419
1793 5512
918 3342
1165 2713
5520 5681
3087 3342
1195 5531
2486 2488
545 1979
1793 3218
3522 4206
3008 5840
2569 5892
1675 5382
315 5510
919 1556
214 2023
2713 3060
5477 5892
671 2755
308 2857
2857 3399
1841 3522
2886 4734
1649 5099
1091 3490
918 3366
1917 2889
919 1697
1864 4849
2896 4871
699 2217
1995 4206
1864 2171
3612 5031
1675 3028
5086 5681
1705 3612
938 5826
396 3120
545 2096
626 1864
2896 3488
1679 2023
553 2569
4008 5531
938 3875
1917 5141
1177 2166
5099 5113
1296 1421
626 2040
696 918
109 1793
5038 5414
2511 5086
2569 4299
1508 3399
19 4299
113 3028
1091 4343
3950 5011
944 2014
627 3875
1483 1793
1045 2040
222 5038
2894 4769
877 5748
3488 5245
2023 2955
1585 5477
472 2602
503 1969
1539 5086
2886 3648
5167 5382
1508 4082
723 1864
4806 5419
4939 5011
2889 3049
1705 4145
4255 5099
1165 3877
2927 4925
191 3034
817 1705
1821 1979
308 1448
2857 3017
5679 5892
862 3366
1744 3366
310 5650
2087 5477
918 1498
2686 3522
1091 3270
1195 5020
545 4866
396 1377
1539 4030
1864 5426
2833 5477
1292 4871
1875 2213
2362 2694
3008 3404
3317 3488
696 2215
5038 5386
216 2927
1403 3490
862 2606
3558 3950
3464 4006
1394 2217
241 5510
919 2960
1152 4871
24 1864
24 1591
5167 5620
1979 3529
3078 3775
315 422
1523 4734
723 1666
1773 5426
2087 2443
777 1424
779 3612
187 2896
1076 3522
2014 3729
1358 3017
336 5141
733 5748
3490 5146
981 1793
2833 5859
102 3034
3510 5099
2510 3558
2747 4849
671 4119
1787 5038
3386 3399
1649 4256
1723 2240
1881 1991
981 2563
32 4188
1328 5414
422 3930
216 2779
109 3191
5432 5826
2672 4244
2213 2815
2488 2906
627 1346
1227 2096
157 5426
3335 4734
315 1252
675 4871
670 2014
3350 5432
3524 4299
1177 2495
3028 5693
1015 1346
1918 2747
1227 4292
4089 5419
384 2833
2293 4925
1952 2815
5099 5890
1459 4206
2217 4175
1778 2815
1150 3049
1920 2569
1498 5230
813 3488
1418 2602
2134 3151
1648 5057
4938 5011
1737 5245
1881 3914
4794 4849
4636 4938
776 5167
2861 2896
71 5382
1960 2215
1336 5510
109 3495
877 2586
2265 3529
2495 3506
324 2886
16 1737
3623 3950
1969 3308
2511 4507
2927 5743
2214 5432
1709 3218
3060 4997
2705 3510
3914 5591
2352 4030
1424 3737
608 4997
3995 5510
1454 3028
2214 2757
4014 4030
1697 2283
723 3888
2861 5080
671 2997
1556 2935
3399 4320
4636 5053
3485 5113
2672 5562
784 2023
384 5411
4510 5890
4089 4913
3366 4382
168 4343
2521 2563
4925 5055
864 3775
1340 1539
2672 3552
1227 5614
1160 4256
2802 3888
1069 5086
856 2705
391 5892
2087 4642
181 5842
2857 4964
2713 5458
71 4443
119 310
3345 4443
2955 5337
3623 5277
3559 4794
2861 5514
2835 3914
326 5693
193 1454
1036 1421
3350 4254
2861 5735
1960 4013
2505 3490
1015 5746
2571 2802
1897 4410
1015 1680
315 1813
216 3556
1215 5432
644 1483
899 4082
1122 1918
776 1764
1328 5852
2293 2769
2171 3099
1749 1764
1764 2977
51 2757
2708 2960
632 2327
1952 3847
1590 1787
3008 4773
2571 2821
2215 4538
398 2686
2510 3252
3485 5226
1338 3524
1498 5296
226 2443
2486 4184
5030 5484
1864 4179
2896 3584
4677 4794
326 2685
849 1744
1498 4969
423 1160
948 2694
627 5034
1582 3404
187 1866
891 2283
1122 1548
608 1223
401 1585
817 4432
5168 5852
1296 2546
157 3656
853 1991
517 4734
3070 4255
2801 3060
3087 5570
315 4493
733 3481
1648 5523
3651 5591
3543 4013
3087 5830
1346 4598
1931 3017
1296 3879
359 4866
126 4493
4089 5682
632 3912
4510 5503
2889 5056
779 1662
4997 5721
1365 1585
3337 5510
2802 3216
1723 3050
1424 2128
226 1222
1679 4980
1403 4414
1146 1418
3216 5688
615 1952
4896 5890
4299 5745
174 3050
3344 4443
2755 3699
4014 5395
1737 4736
545 5677
1920 4649
553 834
454 472
2486 4135
1995 2813
430 5688
2886 4296
981 4124
4706 5245
1424 3682
3130 5859
711 1697
226 5642
2213 2523
3335 5424
3083 3366
2540 5642
3173 5099
4 1744
109 4370
391 5062
2861 5798
1587 3218
1793 4065
4762 5167
4178 5531
2769 3726
746 2713
817 4130
1953 3775
3008 3035
3012 4510
807 1358
3485 3671
126 4707
540 2602
1118 2488
4555 4636
1767 2495
5188 5859
948 4877
1138 1591
343 2569
4194 5748
1424 5664
2217 5546
3495 3654
1523 5388
547 1675
982 1498
1222 5455
2879 5721
938 2467
3543 5036
1610 4184
4082 5130
2207 3543
3682 5537
1587 5343
2055 5296
3017 5577
1990 5030
1943 4677
1069 3494
862 3892
1448 2793
813 979
7 2747
310 548
4405 5614
384 3982
119 4253
615 5142
2946 4405
899 5067
2087 5355
723 4875
198 4762
3392 4734
1749 2824
114 4677
920 1454
979 3876
1408 2240
776 5004
2563 3355
1917 4837
3608 5113
1866 5186
2747 2915
463 3847
2935 3084
802 4913
339 2802
4265 4806
918 5808
1283 2571
906 2488
3313 4014
3149 5591
1767 3064
1365 5266
3194 5477
2863 5167
3218 5429
2835 3209
766 1403
2328 2705
817 3884
3895 5426
946 3888
4370 4605
1813 5544
1177 1885
4285 4410
4575 5520
2220 4605
1377 3628
2318 2894
1958 2802
1377 5704
54 310
209 1365
168 2026
2643 3034
5512 5865
3313 5404
3439 4119
2351 5544
4574 5414
1103 5296
2069 5067
1110 3173
1283 5812
369 5746
2055 2340
1520 3671
4099 5534
1439 5386
4339 4769
1302 3337
719 4119
911 4082
114 2388
1803 1813
1917 5565
5682 5787
2996 3876
2106 2521
966 1340
4947 5266
3344 3567
2350 5546
64 3218
3915 4082
4194 5184
2546 3253
1058 2220
430 3402
321 4283
1514 4734
1394 5009
2685 5131
1058 3067
501 3485
753 2340
472 2438
4296 4661
4871 4977
998 3524
3559 4024
2535 5787
64 2704
222 1182
776 4565
1268 5067
1953 2108
1421 1626
750 5735
3634 5798
5561 5677
859 4642
2014 5262
4235 4555
422 3720
1710 3877
4792 5226
3070 4172
3151 3352
3485 5470
1670 1875
3612 3712
174 1635
394 2213
753 1216
2222 2763
2835 3776
1933 5099
4810 5080
2821 3483
3556 3846
4229 4997
255 5514
5541 5546
126 3809
3543 4455
114 3919
2511 3532
1036 3541
369 5445
4099 5858
2338 3337
1468 2801
1461 3083
691 3776
5446 5830
4174 5009
2021 4382
4714 5266
627 3657
903 2535
1920 3161
1648 2791
3940 4792
2491 3035
3895 4363
51 2146
1050 2388
1747 4299
4275 5892
209 3850
3564 5424
761 4292
1268 5383
2850 3392
110 3567
1050 4650
1801 1958
1336 5423
878 946
862 1804
2523 5190
2545 5038
1394 3970
1907 4124
1103 2250
838 2713
2679 3879
1793 4674
1152 4183
1427 3313
3209 4452
2228 2443
4192 4792
503 1232
2204 3656
3214 3308
38 626
877 5581
4103 5168
2541 4179
981 5314
1793 3463
3440 3494
248 626
906 4469
1548 5645
3654 5760
1778 5208
553 5329
716 5743
911 1970
16 5381
1152 3649
1150 3066
2521 3032
2801 5117
275 1793
2942 5890
2832 3875
3052 3120
2586 5665
2462 2545
4285 5154
1272 5099
1780 3355
1069 2969
2509 3567
1697 3984
2541 5850
1346 4622
2533 3649
4534 5541
506 4006
1387 5395
2064 5581
4175 5846
608 2185
2476 4649
3822 5080
258 1227
1590 3587
21 193
3529 4318
545 1029
5610 5850
2293 3949
1960 5136
1468 5082
1523 5592
4135 5301
1146 3316
807 3000
2791 4692
1990 5686
3694 5570
4661 5761
4028 5846
3024 5681
1958 3980
3678 5141
899 4685
3539 5812
2789 5142
2727 2802
675 1290
2728 3032
2403 5009
113 373
4795 5531
36 750
548 2401
1403 4619
1907 4669
1152 1398
2545 4772
2213 3606
558 3914
3617 3892
882 1520
1227 4774
454 2415
42 1058
1232 1278
702 1582
107 3067
4388 5277
2415 5005
716 2625
2563 2842
1195 4147
3339 3648
2285 5053
1114 5514
744 1508
2117 2896
1222 5471
1461 4396
1511 5419
685 1958
1363 3984
2820 3558
2727 4323
3139 3974
30 4669
2318 2654
983 5743
550 4370
3531 4650
3065 5314
2523 4086
4816 5131
1439 1489
1204 3194
1228 4692
2170 4370
3542 5693
863 3694
2491 3784
3484 3884
2917 3809
1105 3634
1686 5404
134 4555
1644 3974
1436 5167
671 4310
321 3523
1803 5676
102 4409
3632 3846
3628 5899
1101 5514
2668 3995
2672 3675
706 5581
2067 5030
3573 4816
2802 5437
838 1922
1045 3056
230 1439
235 5812
2338 2855
983 2731
3316 4961
1958 5016
2804 3984
21 2395
3150 5382
2387 2704
2088 2915
3524 5613
4235 5655
426 1454
339 2642
1804 2446
113 2579
3060 4491
246 1675
198 770
793 2415
4188 4752
4578 4837
2265 5443
1177 2044
914 5053
3520 4538
4320 4635
2635 3531
1976 5808
2590 5650
141 4565
2431 4677
604 5470
3191 3204
979 2500
1424 5545
751 849
1821 2430
4974 5414
122 1897
4318 5309
5086 5870
2276 5679
594 5424
557 1866
2212 3083
1438 2476
550 5256
1072 1970
2395 2909
3654 4941
232 5514
2668 5549
702 5078
2757 4520
4192 5901
503 5526
4183 5247
3064 3756
4067 5337
2104 2769
99 5036
2723 5146
2530 2802
4566 5382
777 875
2619 4414
2538 2917
141 5499
663 5743
709 2486
807 1820
3473 3634
5610 5727
1412 4877
3214 4377
401 1550
3371 3536
1772 5245
296 3539
2486 2814
2583 5011
4111 5531
4377 4924
1455 4674
3218 4321
226 666
770 2309
1026 1105
2923 4099
454 1362
214 1555
1223 1901
645 862
55 3066
494 1897
1278 4441
1065 1146
3490 3780
1152 1632
2925 3564
1520 5292
181 4931
3518 5016
3712 3918
2080 2863
4599 4661
2619 5040
4089 4487
2740 5512
2769 5848
623 4363
2204 4828
540 3781
4415 5561
1742 2740
5324 5343
1723 2770
4092 4507
2306 5614
3850 5376
1404 3523
1419 1438
1182 2599
840 1747
2491 4679
1804 2724
126 5300
4010 4661
3853 4014
3106 5309
1507 4321
1885 2621
3879 4883
23 4752
111 3552
258 3051
1353 5642
2863 3004
3523 4554
751 3284
500 5445
2332 5520
2389 2500
2780 5581
990 2213
4994 5395
4196 5208
212 5510
497 1026
308 1330
2709 3974
2599 5632
2438 4391
4028 5224
1867 4605
3550 4669
2534 4875
1523 2366
3456 4734
671 910
2069 5145
2318 5315
3456 4725
717 2293
2642 5529
3032 5361
919 4020
759 3809
1784 2438
1424 3676
1969 5692
3651 3968
2055 5764
537 5423
2451 2935
3399 4615
3762 4194
181 3900
1390 5376
1773 3178
487 4773
4299 4907
3858 5383
1489 2746
1796 1953
944 5144
1041 3737
2362 5555
1058 2231
733 5112
2403 3422
4798 5688
3809 5823
624 4849
2080 5043
572 5188
718 3776
1041 2910
1804 5357
972 5650
168 2572
2384 3682
5122 5859
1237 4795
1681 5859
632 4764
780 5664
2092 5477
5146 5451
2192 5901
990 2420
394 4929
3780 5454
2187 3671
933 2886
1804 2251
2032 5686
633 5020
634 2067
851 1296
1723 3962
1387 2601
2579 5372
210 911
1114 2792
2416 4184
4452 4542
711 2734
862 2957
4952 5510
1085 3344
201 1160
1020 5531
3052 3229
3567 3825
948 5755
1509 2117
1323 4685
1313 1784
67 3524
1091 1799
2811 3949
235 5710
1795 3218
99 3238
1076 3545
1933 4724
456 4092
777 4989
611 4283
3851 5650
3781 4356
2652 4510
394 678
4952 5521
3217 5614
1302 1653
624 3267
2736 5870
4794 5106
157 4821
2020 3051
594 2905
1893 5745
2400 4773
1998 4147
1252 5211
470 2265
1098 3151
238 2789
1253 5534
594 3029
694 5142
307 1346
3655 5735
2921 2946
3485 5125
249 1272
1628 5591
466 3386
2933 3252
2059 2835
744 3512
3366 4800
2451 5025
1623 5414
1394 3715
3509 5038
2820 4948
3008 4928
1977 4067
1334 5451
516 4356
339 5494
981 1528
1340 3132
2108 4437
768 2694
1947 4649
1077 1520
188 1072
1520 3411
3859 3974
1232 1480
1198 2572
201 5231
3248 5520
1900 2108
1933 2737
696 1115
847 3339
455 4388
3051 5084
1991 2971
1198 1708
722 4111
1800 3483
1109 2685
1297 2835
5200 5301
423 3359
3729 4042
99 4812
4914 4974
1404 5573
1780 2289
532 1483
1839 2545
3125 3915
972 3868
291 5084
2269 3984
838 4284
604 1120
881 2338
1118 3767
659 2430
455 5281
441 1803
2001 3671
3762 4594
3032 4737
620 4925
3087 4027
299 4292
1550 3857
2596 4130
2277 4928
1489 4393
4486 5546
5411 5495
4174 5708
3810 4099
2247 5084
2293 2407
3562 4441
950 4980
976 2332
3975 5125
1582 5340
430 5286
1305 5565
840 3759
431 1237
966 5478
570 3106
2441 4206
3552 5902
3470 4192
2203 2583
4249 5125
524 5016
405 5686
2213 3753
1679 4107
1589 5858
608 4355
4866 5276
2335 2583
541 2906
1204 2986
2814 4700
1182 5363
391 4873
660 2746
64 2739
598 5890
191 2916
1050 2908
798 2686
2821 4077
2428 5830
768 1486
797 1387
4575 5180
1387 2125
711 4850
2961 4964
647 4175
3350 4298
2604 5034
2162 5382
2608 2813
2976 5211
2545 3692
1840 5544
2685 3609
2603 5300
271 3132
3280 3912
3736 3810
933 3957
510 807
4298 4763
5113 5312
2528 5113
3559 5673
2247 3701
276 373
1709 2456
3594 3877
4824 5787
3207 3649
600 2857
723 4570
744 2989
502 2443
2032 5845
151 516
1883 5454
614 4147
776 4059
3509 5641
532 5793
2523 5759
3002 3028
2116 3539
1523 2153
4217 4565
3087 4379
3177 5106
2366 5883
3996 4575
900 2769
979 2944
4565 5835
2199 4172
3207 3233
766 2922
5291 5357
1775 5167
950 5574
54 3189
3327 5247
3411 3768
862 3696
118 4929
4877 5311
1050 1974
2430 4755
1233 4755
942 5180
3217 4329
469 5443
746 3806
1662 2160
3049 3061
2686 2953
1801 2962
3606 3917
2068 3481
1991 2587
2697 3968
4170 5544
126 2487
3847 5212
2640 5388
3836 4329
2026 3774
3477 3996
768 3790
1556 5375
982 2848
1764 2208
3164 4377
1971 4994
10 4244
583 4948
725 2601
409 5521
719 4618
1155 2251
797 4580
649 1590
2706 2969
4076 4795
334 4178
228 2327
2682 5144
1109 1557
2344 2416
1127 1933
3036 3847
572 4110
280 3529
1278 4462
1918 5413
3421 4674
1358 4526
2586 2858
1427 3920
607 813
269 3052
3657 5342
2507 4764
2830 5130
462 624
4762 5365
334 2188
2642 3793
391 4097
357 5180
1305 3960
1455 1487
2301 2896
401 3124
1632 4912
621 5577
2032 5197
1800 4276
1101 2408
871 5125
3659 4486
711 4261
899 2605
1573 3552
1591 5809
3002 4297
3914 4967
2944 3731
1621 2694
3529 5623
2886 4754
2990 5759
102 3482
472 2624
1366 5424
315 1948
2695 5620
1918 4624
2377 2734
3324 5117
2550 5901
1190 5835
1481 5106
1697 3823
3028 4893
3588 4013
891 1202
2083 4774
3522 4564
643 5329
721 1110
321 1102
415 5455
32 1809
3282 4172
3770 4135
1208 5432
812 1165
4424 5130
1235 5645
2755 5044
2229 3648
5656 5858
415 3969
4356 4496
1170 1338
922 4391
497 2470
4792 5089
219 2923
660 5398
3696 3837
1623 2931
1003 2410
21 4631
3622 5688
1787 5538
291 3074
1561 4594
944 1874
1690 5859
779 5711
1809 5384
3050 3894
3150 4402
798 4861
269 5575
1390 5897
2850 4104
2973 3217
310 3085
576 1216
2202 3982
1192 5395
1846 2769
383 4130
110 1142
1167 5413
1206 1523
2801 4767
614 2849
2166 3069
435 4067
264 3106
104 933
3482 5475
1807 2905
1499 4172
201 1622
682 2293
332 2055
87 779
859 1270
415 4926
2809 4024
2434 4794
3252 5532
3782 3970
2980 3736
4977 5387
2601 3961
1659 3912
4470 4924
2059 3630
5122 5492
410 5230
1215 3358
2075 3809
433 3191
3823 5183
962 1995
1377 4436
2194 2850
1120 2135
682 2798
2723 3908
6 315
1947 2477
1014 3177
3782 4742
2915 4127
2880 4706
216 5075
2214 4142
1216 5158
3724 4977
2471 5520
3666 3858
223 1101
2294 4564
598 3116
1115 3937
1474 2705
1007 4661
1899 4939
2387 4199
2296 3512
254 3484
624 2255
2819 5224
1855 2976
1263 2587
3308 3428
831 5314
249 3285
13 5291
2334 4170
1500 4493
856 1497
2892 4008
2162 2291
1555 2543
3909 5383
5411 5560
2917 4579
172 3623
2850 3474
2775 3099
4670 5113
538 1398
1599 2855
2264 4850
1991 5360
2933 3797
210 2856
380 5291
1152 5849
877 994
2415 3757
1439 3415
3836 5611
851 1324
3444 5360
4130 4888
2062 5184
2927 4390
2318 4855
409 2017
2745 4388
4721 5574
1642 3656
597 4217
1877 4769
1389 4948
2817 3352
973 1839
2569 5396
409 2489
1206 4378
429 4410
882 3424
2426 5180
1632 5487
1213 2977
122 1575
485 3439
1008 2187
2654 4854
54 1790
3282 5857
5546 5806
2173 3087
1549 2976
2091 3594
1352 3036
3208 4707
2133 3520
2332 3400
2994 4175
2031 3012
660 4354
784 5714
1487 2794
3861 5727
1822 5324
2460 4379
4979 5561
696 778
3422 3987
1052 3556
1229 3790
1013 2849
5279 5545
586 3654
3248 4833
1366 5024
3780 5237
581 1052
4389 5743
646 3857
2926 3280
1846 5517
1958 5729
4145 4750
2792 4003
410 2230
254 1645
1813 4328
310 3732
111 1634
1538 4635
2043 4042
377 1622
3571 4396
1723 4072
119 1964
480 1363
528 4378
1796 5304
1779 3371
2043 4204
5045 5478
3134 3656
981 4159
2832 5706
5097 5211
3004 5605
2075 3435
4970 5230
873 5555
1182 5098
1185 3571
4938 5603
41 3962
2400 4856
851 3664
2545 4743
490 3656
1667 1705
673 3984
3940 4841
2996 3147
1152 1559
264 5831
99 599
2590 5777
1314 2538
2980 3236
1233 3714
4526 5699
4624 5364
1549 4476
345 4849
187 2007
533 682
4158 4554
1198 5138
3815 4092
2819 3665
1387 3436
2921 4559
1008 4722
4206 4364
851 4373
30 1159
1732 1749
4067 4447
2795 5520
3490 5579
1990 4051
4175 4302
2152 5665
1003 5124
2426 4137
2284 3969
5237 5269
2452 5478
1195 5347
1436 2233
2961 3201
1474 5427
373 2703
2933 4156
2446 2841
59 2724
3922 4343
2866 4028
5243 5575
1973 5099
750 5866
3510 4093
1091 1579
120 2727
2768 3024
23 3526
116 5897
4605 5678
43 962
4142 5519
2598 4854
1630 5113
3123 4734
3327 4071
778 4231
589 1579
1178 1579
1693 3327
677 4103
4526 5832
116 3653
3642 3790
1277 3729
98 430
1545 4192
2730 5363
4076 5195
674 877
5752 5777
3035 3812
141 688
2855 4934
3016 5183
2735 4206
3056 3890
3018 5826
460 4127
662 5080
1346 4881
1017 3518
3900 4290
2601 2878
1457 3759
3240 5419
224 2583
3436 4270
1773 5668
67 4451
562 1885
982 4148
2863 5415
2087 5203
3505 4127
119 5421
3102 4706
2674 5529
717 3135
911 5151
2192 4311
895 3623
2283 4341
588 691
5729 5741
857 2452
1015 1652
2188 3778
1883 3882
2959 5415
1666 4151
3712 4348
1610 4690
2955 5416
5078 5410
746 3455
1885 3137
2160 5334
955 2388
1944 3485
2927 4335
938 2860
995 5642
972 5385
2199 3681
1201 1874
3440 5880
2087 2637
2745 4150
1520 2542
2127 2976
1778 5717
1922 2244
228 2111
605 3737
1245 3781
2171 3442
3087 4260
645 4197
938 3281
2293 3331
2555 2908
2783 3520
2880 2918
3198 3424
779 4992
1498 1894
460 5160
1212 1922
631 955
1273 5721
816 2973
682 912
1631 5835
2402 4341
1763 3556
394 5054
1588 3767
1072 5134
1848 4677
4837 4973
1915 3371
1059 2017
1003 2919
1514 3172
159 3464
2502 4575
466 4782
517 1456
313 1778
194 5673
3024 3140
1498 3038
222 3363
1877 5460
1684 5510
1372 4849
4979 5294
1098 2537
990 2711
981 5696
422 5263
4570 5811
1189 3681
1325 4994
743 2962
1966 5443
343 2189
1140 2428
711 4210
2602 5214
502 4811
356 4849
5277 5867
2817 3330
2159 5579
2135 3391
662 4022
3134 4242
743 3965
3043 5830
4808 4913
1010 3335
2074 2962
906 1565
2573 4027
2297 4737
71 4374
2678 4137
587 5144
198 493
4482 5708
2326 5503
3837 5148
3286 4849
1155 4630
2133 3517
815 1140
2376 3415
238 5715
1057 2841
966 5283
2896 4614
2192 2873
3038 5392
989 4614
4375 5451
656 1102
562 3405
3391 4547
3489 5573
3217 3234
932 1841
986 4082
223 1757
325 4762
1918 5242
917 2935
933 5497
1399 4071
2146 4425
65 3573
4258 4321
1698 5901
2249 2842
1261 4837
2762 5372
4108 4849
1252 5599
2813 3353
4184 4561
530 1787
189 2338
604 4778
93 4183
122 2862
1572 3240
842 1489
2155 3018
1240 1489
2075 4334
3543 4791
167 2596
1213 4453
2919 5189
2249 3168
4855 5819
3154 4579
778 5718
969 2106
1277 1515
573 3236
3937 5629
856 4745
3633 4674
2045 4926
1545 5730
1667 2498
1010 3388
1624 3004
4202 5067
3100 3388
2470 3361
623 4890
2204 4735
1604 1998
3892 4115
622 2285
3788 4283
863 883
1000 5084
359 3013
2098 5575
330 802
298 3823
2187 2237
628 2135
4826 5512
1301 1468
434 2116
2259 4928
1627 2040
3860 4051
627 5801
5384 5816
2888 5363
1971 3053
2399 3270
1846 5861
375 2602
4549 4724
383 5588
954 1773
1239 4764
2687 2724
2742 5086
107 5675
3996 4502
1570 4425
341 5151
3247 5432
1182 2097
114 4240
2691 5080
703 2862
599 2851
2012 2098
1221 2301
769 5730
332 3942
1732 4962
2724 3646
3782 5566
969 3689
828 3822
922 4333
2082 2742
3331 4416
3178 5338
5740 5845
2862 4942
401 5670
7 552
748 2537
1974 4583
3059 5338
1165 2216
3051 4464
250 557
4625 5704
3871 3969
1509 2741
1493 3064
2630 3806
25 2477
805 1439
2055 2425
512 4042
1180 2476
2904 3909
2087 4951
3865 5537
5120 5610
2102 3806
1115 2531
1829 2596
675 5201
441 3491
1611 5386
3183 5168
760 2452
1994 2906
3765 5676
663 5320
2275 4737
5437 5802
751 2559
1576 5859
411 4334
2290 5793
3806 4916
1212 4054
5761 5767
745 3915
879 3252
4548 5574
2467 5674
574 2438
404 2695
1606 5186
2007 4085
33 1670
3411 4793
830 2927
4373 4878
4121 4174
1693 4225
1204 3744
384 754
1419 5350
377 3047
330 4640
2832 4385
4724 5815
683 4333
4033 4674
815 3037
24 4917
3765 5345
3562 5799
533 602
452 2879
3479 5197
1366 2580
614 1054
588 2712
4432 5773
2884 4549
1897 4602
637 2916
1 5309
884 4385
1223 2558
2568 5243
464 1412
2819 5397
1047 5301
3547 3968
2111 3614
489 490
1690 2609
1092 2703
430 1087
368 2569
1860 3628
1253 3796
2434 4535
1455 2840
2636 4622
3184 4714
1160 4471
3725 5715
2848 3734
2296 2664
844 5363
2319 5577
318 4670
1197 3439
1147 3871
82 2862
3007 3337
3063 3140
4422 4635
946 4494
883 3511
2094 2849
279 1007
678 1034
1939 3762
1648 5663
778 4809
2500 3852
705 2441
1177 3312
2149 2530
2384 2834
1538 4673
738 1026
1467 2159
649 3818
1984 3130
4523 5432
235 640
1461 5088
2860 5071
3728 5670
1365 2279
2689 2986
1341 3036
2476 3203
4095 4833
4051 4836
491 2976
1763 2514
1856 4925
599 5889
2946 2972
144 2794
2506 4526
862 3618
2966 5203
255 915
919 3015
725 1600
3859 5618
4422 4508
3377 4841
530 4144
2568 4606
4398 4523
87 2053
919 5624
3066 5271
1591 2286
4143 5676
1010 2758
4968 5279
4059 5633
3947 3969
1599 4360
3937 5732
665 4566
210 1902
1086 3900
4025 4640
2285 3927
800 5301
1556 1647
2690 4390
1592 2505
2452 2700
1857 2624
4927 5334
1630 2145
400 3720
1389 2978
2915 5306
1274 3505
2001 2797
3132 4359
1663 2092
429 1084
2276 5468
1032 5279
3872 5588
1047 5556
446 5458
3079 4393
481 900
3514 4890
1146 1306
1944 3397
479 3481
1963 5798
3796 5241
2792 4551
645 2761
1017 1972
2771 2873
1658 5674
1636 3692
412 891
5188 5836
2762 4911
1195 2404
1498 3414
98 5776
847 2200
1 4553
1848 4216
4196 5559
4854 5039
2137 3099
246 2320
21 1385
2923 3899
1042 5899
133 2791
693 2102
216 5095
4482 4775
1388 1511
3468 5478
2905 3771
2537 3031
4229 5564
2296 3631
3510 5059
1675 4552
1625 4630
1229 5079
2356 5055
3489 4990
2975 4810
3617 5327
2709 4473
3083 5280
2061 3612
3309 4763
1700 4896
2890 4828
1944 3333
4403 5793
3594 4771
430 4741
1939 4098
685 3739
1813 3777
198 424
864 2418
1612 3085
4443 4857
3927 5370
346 768
269 865
1779 4120
964 5759
2897 2978
284 1041
912 1443
2008 2043
3969 5540
738 1415
1203 5538
37 3198
2315 3140
610 4253
2997 3110
1539 5586
634 5619
5388 5744
967 2185
3802 4455
345 5742
2500 5317
486 5214
1760 4502
887 4725
670 1962
2746 5757
3695 4335
448 4794
1771 3342
2025 5559
2705 5156
3536 5409
1181 2083
758 3778
392 5131
2747 3296
153 1829
2744 3950
987 2434
2847 3124
313 2054
809 5549
1506 3074
3671 5804
677 1267
2590 4563
97 4178
1675 5513
2746 3202
314 1883
4720 5517
3082 5614
3757 4544
2108 3393
818 4837
38 2028
535 4115
4745 5268
3675 5672
110 142
1306 5219
1485 2706
417 480
2347 5503
2083 4109
1825 2145
2741 3569
3827 5767
761 1217
3258 3720
76 1313
341 5023
1539 4681
4029 4196
3830 4742
3511 5728
3051 5882
2044 5205
1453 2389
1366 5032
893 2408
3357 3463
4077 5259
3280 4923
48 4482
73 4775
1920 4932
720 1918
1684 3906
1105 2076
1961 2025
2265 3621
910 3257
4518 5329
4951 5800
863 2035
1334 4475
1041 1957
2021 5107
927 4410
3348 4722
1860 3187
1455 4834
269 1355
1084 1225
4779 5537
1780 2417
2996 4853
1938 2128
4797 5836
1560 2425
254 1294
3666 3702
605 732
334 2393
3517 5466
540 5856
2552 4174
2132 3482
3090 4535
2872 3729
3676 5774
1881 3964
950 4590
884 1638
1036 2161
2755 5287
504 3083
1223 2773
5616 5856
4070 4119
1287 1461
882 3354
1160 2254
1438 2632
2172 3545
1638 2383
372 884
1679 2875
1546 5195
2719 4714
758 4647
135 1778
4202 4963
41 322
200 3623
2091 3360
2168 2742
4731 5201
5446 5479
4974 5464
2377 3905
3845 5678
486 4993
5136 5366
1829 5810
1758 4471
2677 5520
4808 5264
964 4367
2421 5268
247 2724
3475 4192
1822 3615
2790 3865
4360 5399
369 2314
1683 4674
970 1204
4097 5772
3784 4603
1072 3019
838 2924
805 997
1666 1792
3488 4545
4097 5441
1277 2245
2496 2775
2203 5012
1695 1799
1155 2772
463 3574
4902 5454
4444 5306
1643 4555
871 4166
260 967
4824 5058
9 5036
5257 5468
3678 4955
2539 3653
228 1501
4170 5428
1321 3678
1807 1929
2937 5084
395 3659
4865 5360
531 1894
4676 5080
2925 3939
789 3633
1121 3281
2261 4493
1092 2000
35 4339
105 2134
2107 5592
1540 2678
3019 5461
1296 2281
2093 2296
163 2637
1109 4182
2898 4027
1197 5353
117 4027
1010 2547
3759 4044
1291 1365
608 4439
216 2464
4952 5282
1945 4403
324 2198
4594 5431
2793 4342
1969 2561
1290 5442
4175 5747
2635 3413
1164 2217
768 3844
3648 4531
1470 3202
2940 3000
5350 5873
3591 5263
807 5601
885 4877
1278 3703
376 3421
2775 4872
3614 5422
1270 3268
2168 2195
1191 1443
1095 1634
1417 3309
405 3508
3957 5726
1714 5499
2515 4363
1449 5686
3883 4700
250 4689
2855 3297
549 3675
4602 4978
1980 3456
4288 5744
2554 2890
4735 5213
869 1065
244 5427
2044 2786
1048 3837
2826 4932
116 4187
3457 3726
555 3494
50 82
1047 4954
1791 3078
2024 4367
2382 4685
803 4720
102 2140
1424 4369
448 5868
141 850
2918 3101
2729 5675
2421 2983
432 816
1583 4391
3609 5635
3114 3539
3076 3358
118 484
391 1090
1745 2044
1177 5571
2996 5176
5638 5809
2192 4040
311 3567
2105 4453
970 2956
5098 5321
2658 5679
803 1073
366 4750
3096 3137
3186 5883
1516 1773
1468 1704
3186 5339
585 5526
301 919
3583 4206
98 4173
315 3071
1545 4243
740 2695
278 3508
1608 5840
4857 5400
2125 4269
3231 5055
382 1775
272 2739
2211 2496
2658 3265
2495 5583
991 2729
282 2523
1851 4535
2668 2715
3489 4401
2878 5496
923 5663
642 4142
671 4368
1667 2575
669 1059
2665 5679
412 3092
871 5017
1447 5226
42 3589
1585 1716
4849 5066
564 1325
2117 3006
4002 4742
2895 4343
378 4578
494 3430
2390 3069
1287 5123
2092 5006
3234 4789
1520 3601
4089 5391
3416 5513
3559 4645
3247 4365
1820 2681
2478 3140
2297 5319
1213 4668
3517 4539
793 2406
427 3512
1977 4820
718 3226
531 3698
4908 5859
995 4788
2121 5729
1666 2900
1128 3770
2848 4399
4679 5462
52 405
594 2072
1780 5465
2114 4741
230 281
1350 5693
1212 4023
854 2813
2709 2941
3128 3358
1185 4123
461 1704
2890 5669
568 5605
3117 3802
1220 4857
2931 5270
480 4521
608 930
2738 3164
3113 3520
382 2784
4415 5660
2586 4665
1949 5665
498 3198
1533 2533
3453 4070
718 3143
2486 4843
1768 3457
3220 5728
1115 2864
918 3023
838 3789
1677 3187
2464 5157
4057 4970
103 122
3026 3436
1841 3993
2125 2485
3401 3421
1629 5184
1524 4124
2905 3579
68 5312
1149 1991
87 820
2272 5710
303 1902
1873 4741
3784 5782
4200 5801
598 5636
1604 5662
2541 5887
2158 5544
5674 5898
2653 2738
2138 3744
3658 4722
2715 4684
2756 4755
1744 4387
3268 3897
353 4127
5006 5132
3229 3447
1093 5546
1172 2276
960 4788
1710 3933
408 5861
2420 5687
2251 3376
1755 4873
484 5843
1020 2707
1315 4104
3065 3903
2191 5887
1838 4369
1096 1178
2406 5164
2599 5491
3442 5795
2653 2666
3895 4525
5083 5396
4729 5460
3981 4310
809 2594
2469 3573
291 3239
1883 5876
366 3410
2921 5253
1927 5752
671 1854
916 5410
594 1955
127 3207
1114 2274
4552 5630
1078 4054
498 3636
1474 4034
1311 5016
4076 4804
1576 4610
200 1916
2416 4485
219 4426
1879 3376
518 877
4501 4850
3474 4163
1782 5388
1612 4412
1560 4456
3535 5361
705 5108
1148 2068
2074 2492
713 1634
2319 5653
2425 2646
3293 3922
1434 3915
524 1989
2965 4994
1731 2937
850 5615
3016 4316
948 4362
1262 2111
3009 3281
3419 5897
1540 4050
441 3318
1718 3825
2753 3421
3352 3680
2676 4924
1159 1243
3154 5788
878 4176
2108 2287
1441 3209
456 2628
242 3018
3028 5785
119 259
1899 2718
661 3659
1328 1607
2255 4138
375 1495
1127 5847
560 748
2573 3389
900 2785
1548 2148
184 528
1848 5313
653 4072
1352 2236
3276 5212
392 1872
8 410
2383 4468
4419 5494
4939 5330
1502 3116
853 2139
1251 2543
4099 5646
3391 3597
402 2849
2518 3830
265 863
2819 5127
1989 3730
761 3349
4488 5858
107 2123
2921 5029
4023 5700
1228 2985
1572 3978
711 2298
696 2629
1991 4653
2113 4111
1901 2248
1700 5666
27 2558
3025 5400
878 5022
2301 2639
2761 3835
3513 3724
3361 4062
2203 3310
294 5443
2845 3756
2637 5202
4008 5284
3850 4221
1838 2386
2868 3209
4372 4720
1465 3996
1241 4482
533 1060
3622 3870
2788 3313
1098 5756
2191 3466
2514 3476
1487 1503
1584 4602
4416 5640
3869 4549
58 346
1186 5123
2231 2385
2272 2883
1877 5199
412 2548
596 4843
4419 5851
1682 3892
3379 4098
2790 4511
391 5472
1834 2275
473 5280
2264 5126
1085 4558
2258 3835
1675 5647
2039 5623
4033 5139
541 3549
203 5520
1658 2882
572 1934
318 5390
2553 5075
4228 5330
3195 4833
1100 3678
74 3231
4562 4640
1687 4024
3816 5126
197 5384
2089 5549
1579 5072
1951 5816
3908 4094
5152 5269
465 820
2008 5163
1923 4594
1348 1627
1573 4757
1762 4356
1601 4270
1511 3487
2596 2675
1094 1468
254 5833
1286 5640
1432 1922
3623 5817
2749 2923
2287 4434
1842 3038
674 3748
1893 5871
2953 5065
1715 5801
3963 5345
5788 5875
5661 5812
3149 4895
292 702
499 5441
1036 4118
1253 3928
4988 5072
4798 5448
827 1365
84 232
738 3838
2844 3124
2445 3851
3174 5653
636 2609
1664 2976
2638 3117
2504 4356
652 5381
5140 5269
3905 5299
4567 4631
149 3810
836 5384
787 1775
4105 4939
1979 4987
1857 5593
716 2437
2470 4461
1503 4723
469 2536
3316 4666
4668 4672
5667 5870
2885 4534
1233 5255
568 2859
3840 5848
116 3328
44 916
492 623
452 2566
1059 5794
96 4402
1303 5564
1266 2586
3560 4163
523 1901
1212 2778
2110 3899
1295 4175
2830 3273
2421 4593
1248 4321
1837 4570
4840 4997
3362 3511
281 957
4321 4693
1225 1437
1365 3167
582 1506
3121 4318
3581 5708
1463 5761
2783 4234
2162 3760
244 1711
1334 1865
891 2710
1848 5557
693 5129
3578 5868
2681 4813
3646 4041
775 1885
4052 5882
3791 4424
1024 4028
878 4848
571 5574
1253 1713
2991 3177
2069 3537
1199 5031
3846 5026
2615 3812
175 4720
429 5516
4113 5012
3095 3140
1867 4446
1324 4785
1548 3635
835 1142
1523 5508
929 5280
1476 4630
980 3601
428 1213
2956 3735
1016 3947
837 2737
152 5199
1078 4019
322 3948
499 5886
4305 5673
1513 3217
1123 4723
486 3650
1558 3007
1472 5809
4831 5255
386 3167
3204 4314
1999 4240
369 2733
3026 4392
511 2858
948 977
2023 2205
1598 1900
3670 4299
4196 5193
805 1009
2914 4298
3009 3369
974 2110
4186 5808
3258 4484
1083 5106
1032 3212
1044 4494
3062 4172
379 1628
4802 5313
2430 4616
39 1352
1681 3874
3120 4730
763 2230
1125 1412
864 1761
395 4621
3072 5889
226 4557
1715 4220
268 432
2330 5741
3769 3871
2971 5374
3008 4428
953 5699
2305 5184
1106 5801
177 5472
25 3334
1603 2674
70 2575
3686 5849
432 5563
1777 2000
600 860
1923 4901
2270 2761
753 4617
3860 4162
2282 3888
1869 2550
5512 5724
3872 5018
2790 5734
1337 3735
878 5222
1348 3629
3285 3719
3954 5312
1251 3598
974 3299
1555 1735
765 1172
1815 2097
1044 3243
639 4555
965 2383
2939 4204
4114 4206
3763 5632
2702 3457
3977 5744
2732 5099
1280 4014
1203 2782
1537 2654
2174 5441
1167 1905
3116 3751
1431 4849
637 3821
1058 1471
1028 4202
2600 4473
973 1368
3197 4742
3147 3794
4931 5118
1372 1750
140 5746
1187 4225
136 4120
3882 5149
1837 4607
1659 2912
3747 5205
3377 5050
1276 2817
904 2922
461 476
1901 5238
2177 2664
1249 3928
1694 4242
3721 3897
1570 3341
3530 5800
1281 5083
2826 4018
1758 5480
124 5031
98 5554
220 2171
958 1340
4182 4697
1898 4549
4179 5002
2653 4823
3263 3868
4742 4943
687 1447
1822 4031
1539 4427
1872 3378
1521 5759
869 5872
2953 3652
678 5612
1502 3973
222 3997
2125 3800
837 1940
2515 4395
1522 2451
1353 3372
2472 3980
2675 4506
4964 5713
3039 3774
845 5573
3934 4808
3712 4613
4116 5095
1566 1952
2888 3045
1211 1684
162 1557
2216 4417
2950 5614
2348 3757
130 3678
3927 4728
2130 4856
1989 4900
1498 2455
681 5106
1960 4540
678 1130
818 2614
1861 5268
211 4997
100 3424
1110 3010
3596 5636
251 2791
3264 4645
5005 5244
304 1915
252 2510
5360 5548
2937 5518
2449 5072
314 714
1932 3648
1904 4570
74 1743
1055 3209
2449 5818
3956 5317
531 1614
46 114
54 4654
1978 3090
3566 4813
3640 5471
717 3613
1562 1592
195 1944
2527 4013
3401 4996
605 5608
1460 3474
3970 4683
899 1271
2337 4883
2415 5796
142 3454
2773 3754
1943 2046
1314 4381
496 3954
1832 3439
2663 4184
792 1813
92 5653
1328 2182
1124 2114
681 2411
2629 3945
4251 4544
1229 4847
3209 5837
1667 3219
2819 5069
4228 5272
357 1132
1737 5453
520 3220
2820 4694
2348 3595
1428 2320
600 4897
1840 1954
3338 4269
352 3132
2439 4954
1984 3533
728 5347
874 2515
775 4157
1691 4624
5036 5119
89 5518
826 1874
756 1217
2314 3979
1502 4922
5285 5437
3168 3708
3840 5293
394 1985
3406 5294
3710 5555
2223 5508
4633 5350
1309 2614
285 4119
557 1571
3892 4870
2710 3426
3245 4333
2231 3896
1391 2924
256 465
1141 3937
1540 2938
3181 5816
1892 4941
3557 3747
5567 5898
3428 5000
1557 3249
661 1384
2078 4059
2177 3687
2273 4720
2006 5788
276 2041
4526 4892
319 1057
539 2348
508 4145
1939 4530
617 5395
2223 3127
1157 4706
2459 5669
1051 4694
3243 4981
856 1484
1077 4709
4129 4757
2687 5191
2720 2989
4499 5510
2024 5739
2671 3216
80 1366
3805 5876
3713 5890
4905 5718
77 2229
1582 1868
4212 5544
2271 3708
2357 5673
1982 5065
1265 4283
1997 5798
2846 3724
186 2236
1056 2971
4205 4870
2710 5651
915 1703
4104 5175
1310 4031
2104 3445
3363 3429
3210 4690
1457 4976
2945 4950
891 4271
2551 5866
3634 5637
820 4122
239 1659
468 4980
727 5526
2434 4046
5150 5415
3836 5198
3120 4879
5609 5721
2379 4961
3289 4029
1282 3984
1213 4442
4066 5532
4677 5434
2477 3911
3744 5349
223 2329
5068 5724
4280 4914
2801 2867
2463 2583
1197 2380
3213 5127
2560 5294
4094 4626
3230 4475
700 3698
1359 3270
59 1981
2606 4568
149 4842
690 3487
473 712
2286 2881
1569 2467
3351 4381
5142 5628
987 1812
5017 5402
1041 5087
1607 1752
1064 2451
100 4353
461 2936
531 3668
513 2098
950 2751
4595 5097
1592 5234
2563 5027
1137 4253
1804 4768
1298 5124
726 2460
4654 5695
480 2519
137 2411
1771 2370
3494 4671
741 5264
1375 2032
1356 3960
1266 3224
1054 2743
1904 3706
3378 3817
1101 1908
2136 4564
28 2572
4860 5785
176 4166
1150 2827
1083 4078
1545 4889
5018 5753
907 4491
2975 5085
3508 5204
4611 4948
3756 4317
479 4351
1770 5151
2281 2497
4178 5407
1376 3149
1577 2820
1206 2435
1609 5421
1552 5858
2668 4435
1235 1284
2066 2977
2275 4887
1141 3398
3221 3351
521 1083
3894 5683
3060 4971
3550 4944
1798 5126
288 3526
2018 4974
2627 4774
2 948
870 5670
4115 5489
1460 1637
1247 1899
4481 5721
1904 4884
654 5496
1542 3363
3887 4202
1919 5650
1209 5461
3188 4199
1200 1709
546 3069
387 2916
3449 5086
495 3318
3520 4349
1144 3566
56 5670
1402 1742
682 5185
2663 3639
2500 5493
2361 5059
4778 5766
596 5524
940 3318
2716 2904
3463 3826
687 4227
2591 2990
233 1096
1295 3437
104 1818
5420 5579
1165 1519
1528 4829
765 5894
1025 5662
439 3399
2985 5543
3187 4957
3468 3798
350 1146
98 3991
3695 4909
1957 5507
2387 2796
4047 5693
689 1659
2328 3804
4070 4844
4430 4666
1464 5402
4560 5507
1012 3817
1347 3769
1058 3638
1239 4746
2161 4171
1092 5302
2372 5565
2845 4766
3302 5741
3920 5449
1888 4889
1473 1630
1179 1566
2214 4498
1606 3014
552 861
2152 2929
857 1381
4709 5813
3409 4728
1817 4176
1168 5764
2480 3052
351 1003
2109 4019
442 3063
1736 3838
2662 3363
1919 4153
1045 2423
4319 5167
1246 4769
3242 5330
1624 3705
2359 3947
5077 5586
5109 5574
578 2950
956 4441
2333 5253
5102 5507
2814 5121
697 2888
3223 3612
2021 3305
361 2096
4915 5396
396 5251
3024 4704
3821 4592
646 3575
3943 5372
5036 5297
504 2154
1499 5307
630 2251
5158 5196
4277 5629
299 2893
1917 3418
1454 3142
1556 2263
786 3601
1010 5047
148 3061
3534 5212
1479 3812
3910 4670
610 1992
2202 5469
1207 1611
348 5262
268 5535
3652 4698
1007 5657
1157 2317
1331 2827
2702 3163
1556 4190
337 5000
5234 5737
1372 1786
3327 3590
4001 5065
4833 5805
3422 4536
1923 3941
1751 2785
1620 2861
454 3283
1136 5573
4331 4372
4280 4695
1075 3124
3757 4894
2450 3457
1061 4138
1038 5537
546 2413
1489 4282
1893 4015
5589 5830
17 2230
1460 2034
2085 3477
872 3016
3410 4591
1939 3746
637 5644
1342 2361
4777 5054
205 948
1906 2973
231 958
652 2308
2671 3055
1746 3623
2352 4400
2499 3817
3688 3827
1475 3494
1746 3743
1698 2341
2059 2260
243 5633
2957 2992
1439 3450
3642 5558
1960 3690
2546 4799
469 4274
2458 5787
1053 5644
2147 2338
2954 3428
1234 1503
32 190
695 2801
3880 4793
1919 4862
5335 5537
96 1669
992 4347
472 2610
2473 5199
509 5347
338 998
1410 5138
2081 3010
4368 4459
996 3802
925 1309
1439 4919
4582 5808
1714 3452
190 2588
1059 1088
3427 4927
1104 4501
2277 3516
2617 5599
2741 3300
185 5518
2820 3215
1746 3619
283 3947
3466 4000
937 3268
3366 5401
1793 1835
4416 5530
1753 4619
62 1704
1198 3992
4371 4568
756 2982
2488 4576
4123 5754
450 4887
1982 5070
182 4941
4055 5039
3864 5706
2857 5789
2250 3005
3425 3612
137 5265
978 2541
1766 3416
4261 4675
1238 5330
1161 3587
2842 4195
3082 3693
3052 4781
3544 5677
1896 5421
1717 4952
667 2740
451 2912
9 3329
3371 5807
1981 2010
3254 5732
4786 5099
2210 3523
17 3451
4227 4825
146 2416
1214 3541
3259 4677
2599 3811
1660 2199
2697 4801
4390 4858
3258 4448
1422 2332
3201 5298
3458 4354
422 3931
1830 5072
4781 4918
4133 4709
1779 5435
1117 4333
145 583
988 4666
3623 4273
169 5832
979 1541
709 5834
4583 5490
4084 5645
4242 4474
1917 4638
527 2511
505 4943
2848 5778
1269 3024
1641 3522
440 2873
30 5371
2254 5536
4099 5639
3824 4518
3288 3656
1639 5130
3218 3570
2873 5352
2324 4360
881 3862
5409 5792
2462 5486
2599 4783
58 1360
1331 1405
1253 2670
142 3637
2446 4431
4079 4231
2772 3356
2224 2459
1097 1475
3691 5158
10 2512
416 2361
1396 2248
4307 5782
1769 3479
75 3751
779 3833
3731 5685
3148 5566
827 4620
4278 4878
556 2507
1158 5835
4131 5157
1621 4504
190 1033
2325 3734
487 3709
4516 5776
322 5552
643 4867
2621 5825
2234 5470
1411 3702
603 5554
2918 3320
2365 5541
1665 4162
38 2631
928 1052
3146 5559
2390 3572
1361 5792
3347 3734
1343 1552
2917 5500
791 1084
2232 4194
1642 1701
3187 4711
1143 5238
3122 5339
4316 5738
2076 5344
1332 5657
3999 5214
4309 5759
1990 5433
1849 3506
2444 3621
4944 5035
1446 2309
2050 5635
3040 5573
3095 4898
2433 4878
2099 2815
2471 4139
3577 5186
1680 2466
322 1828
2836 3352
1318 3908
1266 4796
1048 1430
1006 3817
93 5895
50 3103
157 1730
3091 3181
827 3041
1393 5647
248 1256
3986 4145
1844 4444
2033 4316
5238 5498
1804 4337
3470 5278
312 2348
62 3119
3758 5846
616 637
1752 5502
1278 1738
668 4285
1770 3592
644 1926
1301 3155
2267 4231
1094 5855
86 5541
1578 5212
4287 4331
2147 4716
1685 2351
2396 5886
1374 1958
1446 4577
3755 5059
1242 3366
867 5458
2120 4723
5367 5861
207 1016
403 4372
587 4189
4814 5208
3938 4786
119 364
446 2312
3654 5061
3580 5121
569 1331
3246 4437
1057 2378
259 2584
1035 3956
4300 4473
136 2999
1438 2086
2037 2835
2796 5903
2147 2698
816 1810
487 3841
1527 2771
1928 5309
1457 1845
1579 3380
2880 3158
797 5308
3837 4061
3717 4579
3209 4327
2831 2857
969 4852
1019 5683
3423 5460
4797 4899
1187 4308
1597 1841
5049 5157
2183 4826
3340 3762
894 1715
2576 4121
638 4392
3749 3775
4978 5378
1910 3861
3841 5111
526 2933
1284 5064
3078 5046
3244 5552
1299 2929
3990 4424
3807 4820
363 5560
38 3094
3820 4947
1068 3721
2774 4378
1713 3951
443 2099
2669 5789
3923 4347
1699 3505
886 5441
4446 4747
5073 5740
2180 2455
1853 3948
3215 4218
354 2862
450 1696
2519 2725
2882 4222
1233 5233
232 1370
4603 4609
898 4393
1060 2683
808 5020
3913 5646
996 2913
584 3956
633 4038
2165 5494
4630 4817
733 2060
335 3085
2907 5263
2169 4566
8 1133
1887 2247
3926 4144
1551 5541
1719 2826
315 4680
3876 5864
3471 5861
1455 2448
3988 4256
4324 4476
1654 4488
3855 4599
2767 3639
387 4250
4155 5686
1168 4803
940 2776
2979 5245
651 4563
2648 3428
5051 5185
2275 4682
3642 4623
621 4719
1450 3905
2633 4786
4441 4903
2461 3464
602 5081
2149 5015
3266 5661
2195 5590
183 3939
4492 5243
4393 4790
1317 5446
3098 4704
1126 2835
1658 2042
4465 5669
3256 5746
448 3677
847 5522
2920 5889
2346 5840
1066 3692
2209 4583
1575 2412
43 1429
4081 5238
1082 2515
70 3080
595 5212
2686 4088
4503 5059
954 1529
749 2992
545 3600
5020 5182
1616 1719
3983 4908
4652 4847
1433 5714
1566 4818
2019 3140
1776 2923
2239 5293
107 2494
2087 2517
650 1085
2930 3835
1654 1808
1726 5327
2304 5241
1518 3348
2178 3439
4403 5828
1622 2157
3301 3947
3874 5791
4119 5447
1892 2151
2721 2815
2011 2706
1505 4292
1377 5879
2814 4408
3018 3048
68 2468
1318 4975
1475 3322
3288 5584
3135 4012
509 4637
3458 4533
1697 4643
323 3389
359 4404
466 5821
4101 5664
1913 1951
1601 5346
5207 5292
1160 1335
1058 5762
1000 4495
810 2317
3748 5105
231 4267
3379 4233
2584 5336
1102 4953
1236 2798
3599 5512
978 1089
1207 4180
1140 5389
573 4935
2045 3741
4771 5829
780 4710
72 2915
385 989
1742 4956
3107 5708
503 1183
1543 3835
2065 2690
1210 4856
510 3936
4171 4859
3009 3145
3879 4807
881 5014
3148 4696
507 4669
1797 1803
2518 4959
1672 3737
632 5104
950 5091
1991 3607
477 5834
3622 5172
559 1168
4775 5476
3295 4914
3479 5780
757 1505
453 769
447 5788
2723 4985
1563 3398
2415 3808
943 1460
1819 1829
1075 5274
295 4103
2796 3626
3665 5881
2626 5564
676 4636
839 1296
871 1724
1149 1850
1796 4648
9 3364
425 1621
743 752
2536 4326
2369 2841
39 237
1233 2656
3169 3195
2079 5840
2150 4089
3953 4774
1154 3485
4087 4534
3820 4846
2769 5010
2032 5041
737 2790
2482 2697
3264 3672
2549 4865
4083 4354
1085 5060
850 3321
5246 5556
764 2605
3565 4619
1553 5049
1727 1841
3182 5383
909 5172
2198 2998
1043 4977
1956 3414
3044 5264
63 3217
30 2805
1186 1593
1967 4123
1373 5868
4190 5007
14 1992
40 3059
860 1671
1412 3740
1322 1761
771 857
327 3084
2948 4363
500 1469
1001 4446
907 4100
1209 5161
988 1153
2398 2609
4257 4980
3069 5716
2690 4744
1921 5230
1914 5728
98 1113
221 4310
5514 5547
2049 2586
1355 1655
1018 3618
243 5100
47 4150
1754 3213
245 5727
485 2345
1027 1885
2401 2513
5229 5291
2101 3028
2838 2840
3088 4199
3237 5704
3864 5221
1198 4629
1831 2662
2047 3808
1381 3166
1780 4832
5241 5379
23 5501
3540 5157
3460 5017
937 1733
294 5452
705 5694
3923 3985
1456 4213
3766 5555
3989 5055
1813 3603
1501 5701
928 5165
1442 4700
887 1383
931 4507
2556 5382
601 4635
4064 4617
438 582
2574 2588
4208 4501
3968 5450
1834 4352
2424 3589
252 2516
1301 3585
2245 4608
1420 3070
2882 5275
2834 4340
60 3216
343 5194
330 593
78 585
3042 4390
707 3536
4411 5657
888 5669
2655 3210
289 2916
2641 4611
2868 4043
3346 4166
1344 2569
1584 2564
22 1318
85 1885
1505 4346
1024 4776
951 1375
915 5076
2650 4871
1767 3674
1443 2321
125 1566
2043 4628
1840 5594
3232 4352
739 4054
519 1138
968 4110
648 2344
1465 3171
3196 4534
3767 4376
193 349
1193 3762
273 2813
3909 5602
3476 4140
2342 3357
1027 4344
1711 3136
822 1110
4839 5259
201 5322
1274 2414
445 3019
266 5746
821 1338
1698 2902
3459 3791
3304 4810
2156 3242
4585 5708
1867 1987
1230 4922
5417 5603
892 3664
1720 5611
147 5285
615 1156
4604 5772
2558 4869
3432 5624
683 5273
1392 5363
5336 5888
2440 3379
1689 2796
3266 5719
3519 5139
4028 5159
1308 5142
2143 4473
1329 5611
2259 3472
5149 5862
492 866
9 5249
1235 5736
2815 3878
3787 4275
1684 3738
1634 4152
4774 5377
2719 3279
1948 4588
1030 3879
2732 3261
3553 5496
890 3014
2245 4386
3404 5225
5114 5279
729 1277
788 903
1004 2771
567 4709
719 1349
1692 2314
2009 2049
1417 3162
1941 4065
4036 4803
2307 3087
1512 3701
3066 4017
866 3262
730 3427
1673 4354
2514 3497
2454 3596
3118 3195
3045 5702
494 1688
474 1565
1478 5426
1440 3216
326 3274
2161 3298
3592 4691
3604 3672
1184 1604
1387 4749
2100 2672
946 4569
1393 3068
1390 5473
1491 2415
3031 5216
894 3946
3077 3743
443 4572
2253 2923
1062 5732
1244 5624
3803 5513
1139 1340
855 1362
864 2084
3449 5578
1958 5178
2005 3000
203 3828
2088 3502
3171 3527
1230 2201
613 2982
445 3801
2288 2574
329 3198
346 5215
2870 4391
206 5448
710 2345
3192 3236
2051 5050
1496 2156
1452 1812
1864 2381
1219 5455
2686 2803
1661 5199
26 1430
2280 3038
141 936
1155 4207
1031 3634
1426 5734
1525 5818
399 5670
1840 2409
3780 5171
331 1484
186 202
485 1333
1596 2276
4156 4945
1493 3058
2194 4759
49 5059
3967 5681
302 1957
4739 5657
2557 3533
4532 5146
583 5430
2066 2071
2879 5326
2926 4246
3948 5166
106 2107
1380 4254
782 1211
829 3562
3202 4505
1532 3072
516 3089
4198 5520
2261 2432
3038 5622
954 3761
819 1698
781 2884
81 5159
2343 3674
3403 3415
1534 3327
1950 2665
1724 5170
512 4397
1590 1826
4332 5168
3672 4060
5013 5044
1937 3010
2193 4559
3332 5773
1587 5733
69 1427
1463 2225
3644 3824
1185 1748
757 1983
758 3433
2837 5372
515 3471
2506 4338
135 2822
2529 4205
5377 5595
1578 5305
4430 5723
2364 4341
420 5315
94 4564
3042 5505
3323 3777
567 2186
4712 5188
1279 5831
509 795
1590 5784
3373 5792
892 3159
2004 5449
2901 5104
279 4301
220 4703
112 700
2208 5223
734 3578
293 1521
5373 5415
532 1986
796 3826
5315 5707
2989 3819
680 5428
4483 4492
2202 5542
2291 4016
4702 5889
2354 3781
1526 4773
5410 5515
1145 1797
1827 4861
2981 3634
3003 4967
2881 3832
1805 2641
1452 2196
2112 2605
2612 3678
595 4708
4004 5812
165 1201
2926 4678
796 5621
2184 3717
1722 3058
515 832
2890 3704
1378 1673
980 1959
9 1882
482 5431
20 2770
3161 3343
355 3542
1049 3106
3046 5022
536 608
3898 5280
55 5380
629 2798
864 1002
326 4169
3335 4102
1609 1946
3247 4644
2060 4039
795 1554
159 2323
3504 5549
1788 4505
2582 5132
422 806
178 5515
2013 5005
2978 3866
4201 4370
314 1046
3685 4973
5103 5249
2018 4134
1987 3733
3022 4233
1785 4349
39 2163
2767 5173
841 4957
466 3582
3407 4925
4573 5097
1167 4247
490 2958
283 1477
3414 3764
90 2261
444 3692
2362 4756
483 4389
342 4636
4442 5362
328 1882
240 3357
447 1789
2422 5446
1843 2225
139 2047
2164 5669
2075 4259
4166 5553
1613 2602
4581 5171
239 5137
1251 3480
947 3729
1619 4737
5181 5715
1729 3603
2624 4815
242 4587
3551 5633
388 1622
1116 3006
847 3499
731 5347
41 1205
1323 4641
1372 3971
926 4482
577 5317
1873 3190
3633 5485
5493 5550
4449 4714
227 4622
4627 5000
4057 4230
4467 4551
1741 3677
2371 5591
3064 5228
1697 5162
1871 1948
701 5608
832 3891
767 991
2360 3288
1289 4893
4063 5095
984 1096
2781 3471
1028 4921
2923 4651
2577 5208
3521 4619
1123 2503
1489 5316
5437 5775
2673 5665
317 3558
3507 5446
843 5182
688 2227
3494 4527
196 3473
3904 4412
288 4237
2952 4063
1701 3131
938 1326
3499 5725
1032 2593
679 1817
1813 4758
3620 3991
2368 2725
700 5457
2099 3448
792 3593
3133 5247
2874 2900
1740 3533
698 5656
720 4181
2484 3346
1451 4665
4978 5722
3042 5827
2357 3368
2242 3208
790 3497
593 5135
2884 5033
396 4748
418 3859
1970 4394
2877 5711
531 735
4712 4876
334 1615
1361 4880
1257 2083
3662 4901
3622 4960
1478 4596
701 901
344 2797
4379 4740
347 3620
2620 4621
4861 5348
954 2871
3011 4803
1498 1676
299 2508
47 4005
2417 4358
2367 3815
4670 5698
2717 5024
1175 5521
1047 4761
3027 5501
746 868
3314 3656
624 1166
2310 2763
1185 4986
3142 3287
882 3627
1784 4851
453 3086
2715 3885
701 1063
2280 3645
914 4660
3136 4160
48 3390
2853 3060
3307 4563
1955 5459
1863 5086
3222 3559
1052 2095
3294 3895
2958 4920
1260 4432
1654 4279
2036 3631
2850 3412
1196 4162
5768 5901
2795 3175
1813 2375
5609 5781
25 3848
4058 5875
171 3322
217 1396
1401 5051
2366 5885
4324 5110
3235 4816
2664 3225
657 776
1823 2914
307 4384
195 1070
3700 5183
948 2787
467 5039
1134 2489
363 1258
2170 4699
2888 4904
3839 5519
340 5448
3944 5426
846 5787
1881 2613
79 4545
360 3774
257 2558
1400 1680
2325 5232
3037 5094
469 4584
1228 2595
2243 4148
431 1163
2801 4164
1691 5763
853 4930
161 3712
1704 4885
577 5332
2056 4085
1450 1535
2932 5902
187 3153
1622 2750
561 5532
2611 3533
2016 2868
1549 4330
1965 4851
3320 4891
2663 5042
175 3576
3180 3590
164 5349
370 2836
2400 3241
4304 4310
1739 2785
2391 3471
2015 3068
3902 4930
3924 4199
3417 3721
1111 4111
1316 3262
124 5617
573 3813
1645 5440
2899 3124
2278 5029
129 2880
592 3243
1304 4587
1131 2059
796 4325
268 2331
4286 4374
1268 4293
66 308
2508 5008
2363 3423
4172 5844
3424 5863
591 3373
2370 3227
944 3081
807 1814
542 5320
1559 3277
1182 1783
2402 5572
1469 3538
153 2221
4396 4597
825 3061
1647 1996
2428 4211
985 1822
1331 5406
2714 5298
4272 4358
2667 4364
1892 5074
4473 5749
4906 5657
939 1823
799 2579
2175 5395
3326 5319
104 1080
15 1541
2754 4872
1351 2297
2929 4999
3531 5758
2471 3546
2433 2777
3765 4219
192 4218
948 5533
4519 4929
4117 5637
82 2206
2823 3951
1401 4450
2336 4358
5822 5840
125 413
2684 3787
3722 5497
4053 4896
1756 2470
2262 3372
2345 4509
523 5290
941 5897
2339 2877
4007 4755
454 3792
1201 5654
2231 3381
534 3658
1932 2063
3676 4048
3105 4384
437 1868
1674 4346
1586 2225
1279 2567
1165 4289
29 1452
346 2453
1614 4214
414 812
1084 3073
829 3716
1706 4314
919 4423
3325 5852
628 1406
2420 5318
1092 5267
3918 5052
3478 5201
606 4647
2906 3054
3268 4141
1263 1510
3673 4084
4454 5724
3931 5356
3311 5673
4415 4663
3095 4185
309 5270
49 1536
1626 5869
93 4657
3206 4487
999 3521
1290 5169
2644 5609
769 3185
993 2237
4167 4434
641 1456
3611 4772
2680 2885
263 4467
992 3193
161 1852
335 5709
1722 3707
407 1096
2410 4209
5596 5834
2256 2484
1368 3269
24 4835
4807 5597
3103 4068
158 1383
551 3721
635 4955
1531 1877
2394 2724
1901 4687
565 1815
1266 1605
871 3394
2385 3176
724 5635
3660 4142
3434 5522
2384 4998
813 3126
2091 3205
268 5288
4075 4504
2465 3011
1405 3292
2009 4433
949 5897
3773 5628
625 4299
924 4694
5351 5871
3075 3321
3830 5235
1836 3638
616 5582
3093 4794
2525 3362
2934 3781
422 4241
79 5790
1194 2260
4262 5420
3332 4701
1861 2490
4740 4780
4933 5553
4027 5600
234 3575
4105 4517
645 2699
3752 4719
1702 3659
3055 5359
1529 3863
2921 3278
1345 5229
3152 4719
2426 5779
45 1360
1135 1673
115 1454
2895 5295
4831 5483
1580 5871
2959 4009
1233 3250
2113 2311
397 875
1521 3501
921 3747
333 3328
1357 5734
1930 4183
1364 2971
2590 4223
57 914
2573 2984
2092 4472
1285 3390
3378 5250
556 4512
3774 3952
4349 5333
889 4151
651 5680
1152 4589
107 686
655 5761
554 5647
190 4361
4139 5239
3085 5393
2562 4996
4283 4715
2283 4524
4270 4466
1968 4554
3525 4843
1734 5707
4445 4797
531 2988
2355 4369
5323 5433
1887 4556
3956 4149
2330 3925
945 5752
48 1074
839 5331
3348 4656
2346 5115
2397 2901
1973 4601
1686 3831
3443 5296
1094 2807
2121 2218
46 2090
3182 5569
652 5877
4156 4995
3812 5001
4015 4991
566 2448
888 2374
409 4345
1397 4843
116 934
2058 2066
2831 5408
320 5193
245 5658
31 3389
156 2802
173 1749
1425 2350
810 4639
673 4264
2292 4795
1911 5533
2887 4149
367 3264
365 5266
551 1889
2507 4350
1300 5514
375 913
684 1365
747 5741
1169 3746
720 4136
2502 3251
3027 3408
1552 4543
804 1825
4671 4830
799 1602
2622 2797
522 2363
3906 4868
1307 3317
2755 3496
2226 5662
3371 4827
4667 5054
83 320
347 1668
3785 4141
2073 5832
935 1329
4252 4817
305 3728
2070 4690
2838 3886
250 2141
2928 4114
213 2691
4817 5878
619 1664
885 2129
2570 5735
1870 4895
3986 4191
345 3441
3097 4980
1446 4760
1151 4813
4497 5778
195 2839
1909 2334
1225 5820
704 3736
4740 5580
898 5689
1544 3479
79 2003
1320 1543
532 5456
3616 4265
5295 5626
967 2479
5019 5207
2532 3009
3667 3938
3711 4709
4478 5615
2404 3446
2313 5586
880 4808
31 5116
436 3668
1183 3916
471 3350
959 3323
2106 4291
1312 4603
180 1562
2170 2993
3228 4741
457 3123
4017 5598
121 2117
61 264
2711 4336
1906 4049
794 1412
2493 3244
4295 4661
2464 5467
4673 4958
1245 3260
1816 3278
1343 1482
1107 1283
693 2392
1226 5795
1457 4091
2979 4529
1206 3021
1218 4143
4625 4646
1122 3486
1975 5533
2759 3076
1385 2252
1539 1988
3549 5133
2481 4860
1040 4235
3751 4313
251 5303
2532 4822
4363 4784
5206 5322
1650 4410
2056 5236
4074 5538
199 5430
475 1717
3959 4938
2358 4390
4297 4421
1912 5080
3612 5509
3120 3972
1655 2800
2038 2452
375 3385
1606 5506
3094 3336
3456 4463
223 5403
1112 3251
3518 4413
2941 3467
4103 4438
1762 2419
658 4434
4384 4972
5429 5527
1414 3377
2873 3396
1188 2236
3506 4787
389 657
824 3644
4792 5368
2483 2845
2142 4499
133 4705
588 5765
1380 1936
1603 3907
3564 4106
2662 3111
2984 5786
4451 4537
4236 4361
1379 3197
204 2846
809 1942
401 3290
2204 5488
1321 1833
3268 3643
99 253
664 5020
472 2257
3156 4622
3821 4193
4248 4943
4096 4771
2699 4946
2554 3129
1856 2806
1891 2528
3167 3319
2127 5839
1604 5853
2751 4132
1565 4112
2119 2675
2305 5240
3459 4864
4126 5596
4453 4632
1961 3742
1023 1325
3772 5157
5254 5324
3492 4955
628 5096
462 543
504 1490
544 3509
1275 4559
2406 2442
274 2361
1071 1871
2058 3370
4035 4244
53 962
2029 4493
4949 5755
4322 4962
876 1769
2649 4151
1129 4680
4418 4613
3493 4237
246 297
34 2573
3723 5068
1759 5881
3548 4047
3149 4541
1367 4241
3451 4571
3045 5444
319 774
3661 5669
577 1224
4155 4500
2967 3174
1740 3814
739 4838
322 1640
2384 5037
120 4550
3438 5255
2692 5442
5 4399
2164 5143
4753 5870
1585 5147
1556 2124
1736 4458
1631 4268
2625 3561
3718 4122
2221 3165
225 3484
2869 4329
1030 5705
88 3344
1171 5829
218 1297
160 2656
590 4764
5096 5891
1176 3358
358 779
1802 2111
2378 4045
3663 4763
1191 3211
1173 2782
692 2330
1897 4429
948 4983
1732 5585
3264 5896
382 2828
325 908
1254 3817
1314 4479
2887 3602
4295 4765
3232 3929
1040 2303
18 2385
5181 5511
1879 3275
437 2436
4898 5028
1633 1927
858 2177
1462 5698
406 2728
3457 3779
856 902
1612 5394
3060 3932
2716 4073
2964 5515
1858 5588
2712 5750
4659 5302
963 3207
1806 2242
2501 4877
841 1162
2044 2693
2071 3829
2302 4131
108 2036
4385 5691
2716 4845
3901 4152
271 785
2988 4863
1631 4154
3982 4686
425 1878
2036 3679
575 2183
3727 5556
458 3579
313 5425
393 4785
183 4303
3271 4570
4056 5742
5220 5616
1824 5009
1733 4406
801 4881
1097 3001
2342 4263
806 2597
1622 2241
2689 5860
3516 4457
2471 5606
877 5643
4711 5369
295 4819
5063 5437
2927 5252
1665 5192
1454 5627
3566 5218
3083 4805
2231 4513
2520 3511
1016 3515
2943 3356
49 2118
369 3935
2175 4168
1274 3465
4938 4940
2208 2616
1876 4469
3308 5841
810 2696
3384 4122
4383 5023
2565 5488
2016 3994
2062 3200
1568 3391
2480 2995
1977 2295
5095 5900
1386 4086
2634 4880
1884 3546
390 2755
2660 3897
618 1933
2701 4610
1237 5690
3586 5784
2316 4660
2247 2949
5551 5700
451 5684
387 1504
1369 5903
3795 4346
845 3382
388 1354
4251 4306
824 3383
2581 2736
2963 3690
2645 4145
2878 4733
848 1882
347 5174
1011 2553
2936 3461
263 5405
2619 3669
115 3849
26 123
2246 4474
1564 1593
1903 4625
1595 4707
2639 4966
1594 2700
138 2717
1838 4600
789 4239
4586 5740
1460 1774
5631 5894
2027 4468
1379 3563
1707 2680
3416 4069
4467 5258
563 2590
2300 3907
3610 5096
2181 4524
316 5641
2502 3624
1133 1517
884 3138
3303 4134
12 619
2235 5562
469 5797
4743 4965
1939 3966
1409 2694
885 1339
708 2234
4165 5065
362 2938
1847 2888
2300 5003
772 1972
122 3554
154 4190
4509 5884
612 2802
1173 5310
525 5449
2299 5567
70 1794
4205 5438
2987 3927
3853 5769
2936 3104
2854 4481
3045 4128
3552 4612
145 1859
3599 3889
723 762
529 3864
419 1065
1857 2951
1435 3241
1112 3462
896 3385
1418 2474
2268 2732
2091 5607
3927 5153
2475 5522
2618 5849
2474 3498
3684 3709
150 2605
1728 5700
820 3387
2122 2358
3786 4567
2898 4226
1016 3033
1877 5576
3500 5068
3291 5221
2752 4376
4515 5347
3893 3949
3799 4943
5625 5836
3315 5410
2427 4892
2639 5179
1452 5712
833 1173
2468 2623
3319 4480
1561 4727
715 5550
381 3974
801 4662
2684 2911
1530 1604
1022 1479
2668 5652
1327 1906
4052 5539
2957 4315
1119 2628
2219 2289
2886 3374
179 2619
1547 4762
3 677
1657 4503
681 2030
670 1488
2891 4330
609 2563
4489 5405
1521 5634
1734 3367
1730 5048
422 1445
261 2473
2192 2349
3374 5261
3469 3755
1268 1617
1823 2876
2429 3946
201 3783
1005 1418
1416 4449
1822 3856
2223 2457
2010 5525
1264 4379
2577 4751
1905 3057
548 4146
1966 4294
4141 5325
3223 3750
2766 3432
293 2818
215 5523
1465 4514
1944 4232
3760 5604
490 1765
897 3673
170 3359
797 1466
236 4262
3373 5227
1993 2705
4266 4521
3157 4703
4357 4803
2141 2167
2732 3955
1933 5177
1359 2829
3793 4245
1458 4087
632 3683
783 4857
560 4460
975 4761
5463 5681
2709 4032
2187 4738
211 4490
2825 4027
128 2858
3208 3976
505 742
194 1382
1123 5260
5026 5720
3395 4405
5113 5751
4407 5827
1517 3555
1712 2665
1231 4644
2636 2659
2722 5464
2522 4680
4312 4810
3217 3365
462 4037
1164 3141
3255 4518
1678 3019
971 1956
2968 3800
2810 4419
178 2524
1174 2642
1721 4731
773 2552
2765 4509
2799 3046
2661 3415
3108 4309
1656 4977
1913 2526
242 3921
2359 3420
1259 4474
1890 5627
852 981
3625 4571
4054 5092
3199 3582
4678 5731
270 2028
905 1131
4874 5207
1801 2816
2373 3365
2465 3112
3320 5803
131 5161
91 798
3187 5771
3048 5874
1026 3375
2903 5710
2089 2970
287 5596
208 2200
1544 2266
371 4400
5209 5853
166 4512
177 5128
2405 4972
95 5694
13 1574
1960 4090
229 3907
36 488
2353 4509
488 2589
4281 4786
1021 1593
736 1028
1342 3109
1880 3286
4103 5090
1684 5341
887 2726
3134 5436
5462 5659
1770 5101
3923 5289
4163 4215
1659 2131
2657 3704
3542 3697
4658 4671
4936 5563
4465 5358
1646 4640
4584 4664
2647 4266
672 4859
1413 3868
3605 3874
2102 5418
103 2812
4634 4973
3795 5217
4238 5130
2066 5824
628 2865
305 2585
1618 5212
2145 3568
2126 4474
155 5330
143 791
839 5587
2748 2799
278 1494
3947 4380
578 3306
2057 2854
351 4910
2974 3483
4203 5855
2760 5156
2290 4440
4397 5770
4688 4827
1037 3977
514 1334
2607 3473
435 5814
3958 5507
828 3745
579 1337
1558 5838
2651 4352
3451 4021
594 5482
2366 2808
286 1393
779 4937
478 5572
5187 5691
1438 4655
4764 5354
1935 4180
1777 4717
1293 3678
2763 4026
3020 4286
4770 5015
1079 1992
3881 5510
979 1108
4713 5070
2811 2843
755 1148
1925 5743
3873 4094
471 4718
4461 5328
3867 5233
2125 4011
4621 5671
1099 3008
4177 5901
32 4522
793 2176
2048 5007
1261 3030
4726 5013
1370 4982
961 4229
11 294
4950 5248
2725 3834
2688 3379
1151 1444
540 5697
814 1847
1079 3998
4546 5225
1179 5439
40 3160
4477 4717
290 4858
421 1988
4528 4566
459 2883
1642 1924
5716 5893
4518 5412
2322 3186
3386 3503
449 2413
3168 4125
1154 1567
306 4852
1886 3196
4440 5504
1095 2852
4013 5648
101 2721
1651 5028
1371 5374
811 1772
1503 4732
1543 2592
132 1609
186 3641
1336 5021
22 2002
3431 3921
1006 5568
300 2016
1255 3626
494 5649
658 4984
2327 3144
5428 5481
1862 5722
4161 4270
1584 5474
4433 5093
2947 3855
1581 3378
587 3843
2190 4791
104 580
3135 3528
1195 1811
2022 4395
2238 5723
1250 2230
262 4871
1249 1395
823 3102
2578 4590
2611 4882
1895 2379
4044 4366
1067 1451
1725 3417
567 2115
2179 3621
3272 3403
4766 5783
4080 5175
1086 1407
2052 2218
1052 2103
2346 2447
2594 3170
1101 3842
1288 5818
1423 4029
3810 5155
773 5528
528 1081
4481 5210
1319 5719
3710 5703
2857 4420
3179 3917
1107 3115
374 5169
267 3221
1039 3656
2462 5854
4588 4886
876 4224
277 3883
2077 2961
2544 3310
2764 5369
941 2144
1781 2223
2197 3591
952 1550
1857 3854
2766 3647
1492 2145
1232 1548
1148 2242