50 625
16 42
31 1
41 5
48 20
41 19
23 31
33 47
24 45
29 18
39 44
24 3
13 29
36 15
39 33
42 13
2 43
0 10
47 8
39 1
16 4
37 31
42 31
10 48
10 14
13 1
16 5
30 23
39 37
30 24
23 27
41 26
30 9
16 20
9 47
14 40
7 11
31 5
4 15
25 16
28 7
37 16
2 28
10 27
46 23
41 6
22 9
28 27
1 32
37 6
2 8
33 10
26 1
8 7
23 12
34 46
19 21
1 41
2 48
38 21
34 15
30 6
44 31
3 13
46 5
45 4
45 2
26 22
19 16
43 34
3 25
3 41
9 19
44 46
20 31
39 13
2 39
43 22
32 22
34 3
47 31
35 27
44 11
11 37
10 18
21 40
7 2
14 39
36 14
9 10
14 33
35 19
26 14
36 23
11 3
9 31
8 18
25 4
25 43
11 43
29 21
20 32
30 16
49 48
16 46
38 44
12 30
3 26
25 30
2 40
3 19
24 15
17 9
41 28
33 43
10 7
23 47
19 33
27 39
19 12
25 34
33 15
13 36
43 48
19 10
3 47
1 0
8 14
18 21
21 28
36 11
47 32
18 39
20 15
7 26
4 34
7 9
19 39
19 44
17 6
2 26
6 39
38 41
42 4
29 39
6 21
18 28
34 2
29 7
3 29
1 48
13 18
27 15
20 7
39 45
12 7
33 4
33 21
47 29
18 23
29 32
17 1
8 45
37 5
43 12
21 27
34 49
15 10
21 22
48 7
24 42
17 44
8 48
9 25
0 39
22 16
24 7
46 29
41 11
22 38
7 31
39 49
30 14
17 23
29 2
33 42
16 8
37 46
26 37
41 31
35 43
48 13
21 26
30 8
10 6
38 37
13 12
24 39
10 36
22 19
2 15
49 37
7 35
18 35
35 46
17 13
7 40
5 45
36 42
34 31
2 23
34 30
39 38
3 23
36 34
30 31
15 42
47 22
44 18
0 28
26 42
43 44
20 26
40 12
5 34
28 31
36 8
39 26
2 19
14 17
12 15
24 12
24 21
12 31
23 26
4 9
27 22
44 10
30 32
34 26
20 22
22 8
26 49
3 49
43 40
49 2
32 39
5 0
32 4
47 1
46 8
49 38
35 49
1 38
44 48
42 3
26 24
18 15
40 44
47 40
7 45
31 16
42 47
45 47
3 18
6 2
48 33
5 20
36 4
30 13
32 12
21 31
9 46
42 25
46 15
19 14
17 12
42 49
9 35
38 2
0 16
22 23
6 42
5 32
44 27
29 40
4 13
9 1
3 2
7 36
45 27
13 35
27 38
36 47
31 48
29 17
1 18
20 14
36 22
49 46
38 48
46 2
41 8
29 26
48 46
11 40
27 2
29 48
25 22
32 40
28 32
21 34
6 1
3 39
3 20
28 47
12 45
42 2
45 20
6 5
37 9
19 5
5 29
45 0
26 31
15 8
1 16
42 46
49 43
38 4
45 19
33 12
37 2
6 8
16 13
24 31
41 25
32 44
3 43
45 32
2 24
4 5
7 30
27 41
45 33
0 38
37 48
25 7
21 42
37 47
25 48
39 47
25 14
19 27
31 3
24 27
23 43
39 16
29 37
6 26
4 19
45 1
23 32
40 41
11 46
31 40
28 16
29 27
34 14
3 16
17 31
8 49
2 41
34 48
43 17
5 11
13 27
11 28
11 31
27 6
18 27
14 23
28 19
10 28
39 22
40 33
24 14
47 11
11 34
12 47
4 11
1 49
0 9
5 42
19 49
36 39
43 4
45 37
24 28
30 41
27 31
46 24
23 33
44 13
49 41
27 14
18 4
46 18
25 31
2 31
18 9
25 38
46 12
3 40
45 35
31 18
15 37
37 33
48 3
22 45
36 17
40 4
23 41
28 4
19 38
13 14
0 23
29 31
19 47
43 38
21 46
18 37
41 42
39 30
10 31
38 15
9 34
11 45
14 37
29 11
0 35
3 17
24 48
22 7
42 12
28 33
39 21
12 11
33 41
17 4
23 8
47 46
28 34
5 36
10 38
4 0
33 18
8 40
40 5
3 12
17 39
25 33
2 10
21 35
21 0
9 14
46 25
46 17
9 24
30 20
48 6
4 47
47 20
25 26
47 5
20 12
24 35
13 0
20 35
39 34
48 41
8 43
7 4
19 43
34 19
21 4
32 27
6 15
38 18
44 14
23 42
23 20
49 47
25 39
19 24
34 35
36 31
26 46
20 4
16 41
33 22
48 16
6 3
29 23
15 32
8 37
14 21
10 49
36 35
27 16
6 7
29 20
2 33
37 40
21 15
42 32
1 28
2 35
6 20
11 6
37 36
42 45
7 47
15 39
49 44
10 25
46 31
6 47
32 38
24 16
33 49
21 16
18 24
11 18
46 4
48 26
5 14
19 6
5 33
22 34
21 48
9 33
33 7
24 0
40 1
9 39
19 46
16 7
37 10
45 17
14 4
33 6
30 43
31 32
30 26
14 22
11 13
8 20
23 34
47 25
17 18
44 1
28 8
15 22
7 49
29 4
14 47
48 40
14 2
21 37
20 25
15 25
23 40
36 27
25 23
26 45
33 0
44 20
4 26
46 20
3 36
41 18
38 33
46 38
17 5
34 7
41 15
13 45
1 22
32 18
43 7
46 43
5 43
42 29
38 11
43 37
19 48
18 26
12 39
38 8
21 3
10 16
45 23
7 23
1 8
28 5
18 49
37 20
24 20
37 22
4 37
11 49
47 0
35 32
45 36
36 6
41 36
0 29
21 47
9 8
38 29
24 22
27 5
26 33
26 27
22 46